0,1200.0,0.0,0.00333381649514
None0,1200.0,1.0,0.000144948543267
None0,1200.0,2.0,0.0013045368894
None0,1200.0,3.0,0.00347876503841
None0,1200.0,4.0,0.00173938251921
None0,1200.0,5.0,0.00333381649514
None0,1200.0,6.0,0.000869691259603
None0,1200.0,7.0,0.000144948543267
None0,1200.0,10.0,0.000869691259603
None0,1200.0,11.0,0.000144948543267
None0,1200.0,12.0,0.00521814755762
None0,1200.0,13.0,0.0088418611393
None0,1200.0,14.0,0.000289897086534
None0,1200.0,15.0,0.000869691259603
None0,1200.0,16.0,0.000434845629801
None0,1200.0,17.0,0.000289897086534
None0,1200.0,21.0,0.000434845629801
None0,1200.0,24.0,0.00333381649514
None0,1200.0,26.0,0.000434845629801
None0,1200.0,27.0,0.0185534135382
None0,1200.0,28.0,0.00492825047108
None0,1200.0,29.0,0.00173938251921
None0,1200.0,30.0,0.00347876503841
None0,1200.0,31.0,0.00144948543267
None0,1200.0,33.0,0.00536309610088
None0,1200.0,34.0,0.000289897086534
None0,1200.0,35.0,0.00159443397594
None0,1200.0,36.0,0.000289897086534
None0,1200.0,37.0,0.00159443397594
None0,1200.0,38.0,0.0285548630236
None0,1200.0,39.0,0.00202927960574
None0,1200.0,40.0,0.00231917669227
None0,1200.0,41.0,0.00101463980287
None0,1200.0,42.0,0.00173938251921
None0,1200.0,44.0,0.000289897086534
None0,1200.0,45.0,0.000869691259603
None0,1200.0,46.0,0.000724742716336
None0,1200.0,47.0,0.000869691259603
None0,1200.0,48.0,0.000724742716336
None0,1200.0,49.0,0.00246412523554
None0,1200.0,51.0,0.000434845629801
None0,1200.0,52.0,0.00144948543267
None0,1200.0,53.0,0.000289897086534
None0,1200.0,54.0,0.000724742716336
None0,1200.0,55.0,0.000144948543267
None0,1200.0,56.0,0.000289897086534
None0,1200.0,57.0,0.000289897086534
None0,1200.0,58.0,0.00115958834614
None0,1200.0,59.0,0.000289897086534
None0,1200.0,60.0,0.00101463980287
None0,1200.0,61.0,0.00115958834614
None0,1200.0,62.0,0.000869691259603
None0,1200.0,63.0,0.00362371358168
None0,1200.0,64.0,0.000579794173069
None0,1200.0,65.0,0.000579794173069
None0,1200.0,66.0,0.00144948543267
None0,1200.0,67.0,0.00144948543267
None0,1200.0,68.0,0.00144948543267
None0,1200.0,69.0,0.00449340484128
None0,1200.0,71.0,0.000144948543267
None0,1200.0,72.0,0.00101463980287
None0,1200.0,73.0,0.000434845629801
None0,1200.0,74.0,0.0013045368894
None0,1200.0,75.0,0.000144948543267
None0,1200.0,76.0,0.000724742716336
None0,1200.0,77.0,0.000869691259603
None0,1200.0,78.0,0.000144948543267
None0,1200.0,82.0,0.000724742716336
None0,1200.0,83.0,0.000144948543267
None0,1200.0,84.0,0.000434845629801
None0,1200.0,85.0,0.000289897086534
None0,1200.0,88.0,0.00101463980287
None0,1200.0,89.0,0.0013045368894
None0,1200.0,91.0,0.00608783881722
None0,1200.0,93.0,0.000289897086534
None0,1200.0,94.0,0.000869691259603
None0,1200.0,101.0,0.000144948543267
None0,1200.0,106.0,0.000724742716336
None0,1200.0,107.0,0.000434845629801
None0,1200.0,109.0,0.000144948543267
None0,1200.0,111.0,0.000144948543267
None0,1200.0,113.0,0.000144948543267
None0,1200.0,114.0,0.000144948543267
None0,1200.0,115.0,0.000289897086534
None0,1200.0,117.0,0.00115958834614
None0,1200.0,123.0,0.000434845629801
None0,1200.0,125.0,0.000434845629801
None0,1200.0,128.0,0.00362371358168
None0,1200.0,130.0,0.000144948543267
None0,1200.0,131.0,0.000289897086534
None0,1200.0,139.0,0.000434845629801
None0,1200.0,140.0,0.000434845629801
None0,1200.0,141.0,0.00101463980287
None0,1200.0,146.0,0.000144948543267
None0,1200.0,147.0,0.000144948543267
None0,1200.0,153.0,0.000289897086534
None0,1200.0,154.0,0.000434845629801
None0,1200.0,155.0,0.000289897086534
None0,1200.0,157.0,0.000144948543267
None0,1200.0,163.0,0.000144948543267
None0,1200.0,164.0,0.00144948543267
None0,1200.0,166.0,0.000289897086534
None0,1200.0,167.0,0.000434845629801
None0,1200.0,168.0,0.0129004203508
None0,1200.0,169.0,0.000724742716336
None0,1200.0,171.0,0.000434845629801
None0,1200.0,174.0,0.000144948543267
None0,1200.0,176.0,0.000289897086534
None0,1200.0,177.0,0.0220321785766
None0,1200.0,178.0,0.00724742716336
None0,1200.0,179.0,0.000579794173069
None0,1200.0,180.0,0.000724742716336
None0,1200.0,182.0,0.000289897086534
None0,1200.0,184.0,0.000144948543267
None0,1200.0,185.0,0.00260907377881
None0,1200.0,186.0,0.000289897086534
None0,1200.0,187.0,0.00231917669227
None0,1200.0,189.0,0.0107261922018
None0,1200.0,190.0,0.000579794173069
None0,1200.0,191.0,0.00405855921148
None0,1200.0,192.0,0.000724742716336
None0,1200.0,193.0,0.000579794173069
None0,1200.0,194.0,0.012465574721
None0,1200.0,195.0,0.00231917669227
None0,1200.0,197.0,0.000144948543267
None0,1200.0,198.0,0.0201478475141
None0,1200.0,199.0,0.000289897086534
None0,1200.0,200.0,0.000869691259603
None0,1200.0,201.0,0.0166690824757
None0,1200.0,203.0,0.000144948543267
None0,1200.0,204.0,0.0013045368894
None0,1200.0,205.0,0.000869691259603
None0,1200.0,214.0,0.000144948543267
None0,1200.0,217.0,0.000289897086534
None0,1200.0,227.0,0.00144948543267
None0,1200.0,228.0,0.00507319901435
None0,1200.0,229.0,0.00217422814901
None0,1200.0,230.0,0.0013045368894
None0,1200.0,231.0,0.00144948543267
None0,1200.0,237.0,0.000724742716336
None0,1200.0,238.0,0.00115958834614
None0,1200.0,239.0,0.000144948543267
None0,1200.0,241.0,0.0150746484998
None0,1200.0,242.0,0.000434845629801
None0,1200.0,243.0,0.00115958834614
None0,1200.0,244.0,0.0013045368894
None0,1200.0,245.0,0.00101463980287
None0,1200.0,247.0,0.00666763299029
None0,1200.0,248.0,0.000144948543267
None0,1200.0,249.0,0.0136251630671
None0,1200.0,250.0,0.00202927960574
None0,1200.0,251.0,0.0198579504276
None0,1200.0,252.0,0.00420350775475
None0,1200.0,253.0,0.000144948543267
None0,1200.0,254.0,0.0013045368894
None0,1200.0,256.0,0.000144948543267
None0,1200.0,257.0,0.00101463980287
None0,1200.0,258.0,0.00304391940861
None0,1200.0,259.0,0.00144948543267
None0,1200.0,260.0,0.000144948543267
None0,1200.0,261.0,0.01463980287
None0,1200.0,262.0,0.000434845629801
None0,1200.0,263.0,0.000144948543267
None0,1200.0,266.0,0.000869691259603
None0,1200.0,267.0,0.000724742716336
None0,1200.0,268.0,0.000144948543267
None0,1200.0,269.0,0.000144948543267
None0,1200.0,270.0,0.00492825047108
None0,1200.0,271.0,0.00115958834614
None0,1200.0,275.0,0.000144948543267
None0,1200.0,276.0,0.000724742716336
None0,1200.0,278.0,0.000289897086534
None0,1200.0,282.0,0.000434845629801
None0,1200.0,286.0,0.0475431221916
None0,1200.0,287.0,0.000289897086534
None0,1200.0,288.0,0.00188433106247
None0,1200.0,290.0,0.00101463980287
None0,1200.0,291.0,0.0207276416872
None0,1200.0,297.0,0.000434845629801
None0,1200.0,301.0,0.013045368894
None0,1200.0,302.0,0.000434845629801
None0,1200.0,303.0,0.000144948543267
None0,1200.0,304.0,0.0416002319177
None0,1200.0,305.0,0.00101463980287
None0,1200.0,306.0,0.000579794173069
None0,1200.0,309.0,0.00536309610088
None0,1200.0,310.0,0.00753732424989
None0,1200.0,312.0,0.000289897086534
None0,1200.0,313.0,0.00536309610088
None0,1200.0,314.0,0.00260907377881
None0,1200.0,315.0,0.000869691259603
None0,1200.0,317.0,0.00289897086534
None0,1200.0,319.0,0.015219597043
None0,1200.0,320.0,0.000289897086534
None0,1200.0,322.0,0.000144948543267
None0,1200.0,324.0,0.0013045368894
None0,1200.0,325.0,0.000724742716336
None0,1200.0,327.0,0.000289897086534
None0,1200.0,328.0,0.000289897086534
None0,1200.0,330.0,0.000289897086534
None0,1200.0,332.0,0.00173938251921
None0,1200.0,333.0,0.000289897086534
None0,1200.0,334.0,0.000144948543267
None0,1200.0,337.0,0.000144948543267
None0,1200.0,338.0,0.000434845629801
None0,1200.0,340.0,0.000289897086534
None0,1200.0,341.0,0.000434845629801
None0,1200.0,342.0,0.000144948543267
None0,1200.0,346.0,0.000434845629801
None0,1200.0,347.0,0.000289897086534
None0,1200.0,348.0,0.000869691259603
None0,1200.0,351.0,0.000144948543267
None0,1200.0,356.0,0.000289897086534
None0,1200.0,358.0,0.00217422814901
None0,1200.0,359.0,0.000289897086534
None0,1200.0,360.0,0.000869691259603
None0,1200.0,362.0,0.000144948543267
None0,1200.0,364.0,0.00521814755762
None0,1200.0,365.0,0.00420350775475
None0,1200.0,367.0,0.00101463980287
None0,1200.0,369.0,0.00623278736049
None0,1200.0,370.0,0.0150746484998
None0,1200.0,371.0,0.0126105232642
None0,1200.0,372.0,0.000144948543267
None0,1200.0,373.0,0.000144948543267
None0,1200.0,376.0,0.000289897086534
None0,1200.0,377.0,0.000144948543267
None0,1200.0,378.0,0.00536309610088
None0,1200.0,379.0,0.00202927960574
None0,1200.0,380.0,0.00188433106247
None0,1200.0,382.0,0.00782722133643
None0,1200.0,383.0,0.00869691259603
None0,1200.0,386.0,0.000289897086534
None0,1200.0,387.0,0.00159443397594
None0,1200.0,388.0,0.000579794173069
None0,1200.0,389.0,0.000434845629801
None0,1200.0,390.0,0.00289897086534
None0,1200.0,391.0,0.000579794173069
None0,1200.0,393.0,0.000434845629801
None0,1200.0,394.0,0.00942165531236
None0,1200.0,398.0,0.0166690824757
None0,1200.0,399.0,0.000579794173069
None0,1200.0,401.0,0.000144948543267
None0,1200.0,402.0,0.000434845629801
None0,1200.0,403.0,0.00188433106247
None0,1200.0,405.0,0.000144948543267
None0,1200.0,408.0,0.000144948543267
None0,1200.0,409.0,0.00405855921148
None0,1200.0,410.0,0.000289897086534
None0,1200.0,411.0,0.00173938251921
None0,1200.0,412.0,0.000289897086534
None0,1200.0,413.0,0.000289897086534
None0,1200.0,415.0,0.00695753007682
None0,1200.0,416.0,0.000144948543267
None0,1200.0,417.0,0.0137701116104
None0,1200.0,419.0,0.00246412523554
None0,1200.0,420.0,0.000579794173069
None0,1200.0,423.0,0.000144948543267
None0,1200.0,424.0,0.00217422814901
None0,1200.0,425.0,0.000869691259603
None0,1200.0,426.0,0.000144948543267
None0,1200.0,429.0,0.0013045368894
None0,1200.0,432.0,0.0695753007682
None0,1200.0,437.0,0.00246412523554
None0,1200.0,439.0,0.0202927960574
None0,1200.0,440.0,0.000144948543267
None0,1200.0,441.0,0.000434845629801
None0,1200.0,442.0,0.00318886795188
None0,1200.0,445.0,0.00202927960574
None0,1200.0,446.0,0.0013045368894
None0,1200.0,447.0,0.000579794173069
None0,1200.0,448.0,0.000289897086534
None0,1200.0,450.0,0.00304391940861
None0,1200.0,451.0,0.000144948543267
None0,1200.0,452.0,0.000289897086534
None0,1200.0,453.0,0.000579794173069
None0,1200.0,454.0,0.00507319901435
None0,1200.0,457.0,0.00492825047108
None0,1200.0,458.0,0.00159443397594
None0,1200.0,459.0,0.00101463980287
None0,1200.0,460.0,0.00202927960574
None0,1200.0,461.0,0.000579794173069
None0,1200.0,462.0,0.00478330192782
None0,1200.0,464.0,0.000144948543267
None0,1200.0,465.0,0.00173938251921
None0,1200.0,466.0,0.00144948543267
None0,1200.0,467.0,0.00304391940861
None0,1200.0,468.0,0.000724742716336
None0,1200.0,469.0,0.000144948543267
None0,1200.0,470.0,0.000289897086534
None0,1200.0,472.0,0.000869691259603
None0,1200.0,473.0,0.00173938251921
None0,1200.0,474.0,0.000289897086534
None0,1200.0,478.0,0.012465574721
None0,1200.0,479.0,0.000434845629801
None0,1200.0,480.0,0.000579794173069
None0,1200.0,481.0,0.0013045368894
None0,1200.0,482.0,0.00101463980287
None0,1200.0,483.0,0.00275402232208
None0,1200.0,484.0,0.00217422814901
None0,1200.0,486.0,0.000144948543267
None0,1200.0,488.0,0.000724742716336
None0,1200.0,489.0,0.00115958834614
None0,1200.0,490.0,0.00362371358168
None0,1200.0,494.0,0.000289897086534
None0,1200.0,495.0,0.00637773590375
None0,1200.0,496.0,0.000289897086534
None0,1200.0,499.0,0.000434845629801
None0,1200.0,500.0,0.000144948543267
None0,1200.0,501.0,0.00144948543267
None0,1200.0,502.0,0.000144948543267
None0,1200.0,504.0,0.00318886795188
None0,1200.0,505.0,0.010291346572
None0,1200.0,506.0,0.00811711842296
None0,1200.0,509.0,0.00681258153356
None0,1200.0,510.0,0.000144948543267
None0,1200.0,511.0,0.00101463980287
None0,1200.0,512.0,0.00115958834614
None0,1200.0,513.0,0.000144948543267
None0,1200.0,515.0,0.00536309610088
None0,1200.0,516.0,0.0013045368894
None0,1200.0,517.0,0.00115958834614
None0,1200.0,520.0,0.000434845629801
None0,1200.0,523.0,0.00231917669227
None0,1200.0,526.0,0.00565299318742
None0,1200.0,528.0,0.00724742716336
None0,1200.0,530.0,0.000289897086534
None0,1200.0,531.0,0.00768227279316
None0,1200.0,533.0,0.0285548630236
None0,1200.0,535.0,0.000144948543267
None0,1200.0,538.0,0.000434845629801
None0,1200.0,539.0,0.000144948543267
None0,1200.0,543.0,0.000144948543267
None0,1200.0,545.0,0.00289897086534
None0,1200.0,546.0,0.00289897086534
None0,1200.0,551.0,0.000434845629801
None0,1200.0,552.0,0.00681258153356
None0,1200.0,553.0,0.00666763299029
None0,1200.0,554.0,0.00173938251921
None0,1200.0,555.0,0.000144948543267
None0,1200.0,557.0,0.0129004203508
None0,1200.0,561.0,0.000434845629801
None0,1200.0,564.0,0.00246412523554
None0,1200.0,565.0,0.000289897086534
None0,1200.0,567.0,0.000579794173069
None0,1200.0,568.0,0.000289897086534
None0,1200.0,569.0,0.000144948543267
None0,1200.0,571.0,0.000289897086534
None0,1200.0,572.0,0.00115958834614
None0,1200.0,574.0,0.000144948543267
None0,1200.0,575.0,0.000724742716336
None0,1200.0,576.0,0.000434845629801
None0,1200.0,577.0,0.00101463980287
None0,1200.0,578.0,0.000724742716336
None0,1200.0,580.0,0.00333381649514
None0,1200.0,581.0,0.00115958834614
None0,1200.0,582.0,0.00391361066821
None0,1200.0,583.0,0.00159443397594
None0,1200.0,584.0,0.000144948543267
None0,1200.0,585.0,0.000144948543267
None0,1200.0,587.0,0.00695753007682
None0,1200.0,588.0,0.000144948543267
None0,1200.0,590.0,0.000724742716336
None0,1200.0,595.0,0.000289897086534
None0,1200.0,596.0,0.000579794173069
None0,1200.0,597.0,0.000144948543267
None0,1200.0,598.0,0.000144948543267
None0,1200.0,600.0,0.000144948543267
None0,1200.0,601.0,0.000144948543267
None0,1200.0,602.0,0.0013045368894
None0,1200.0,604.0,0.00217422814901
None0,1200.0,606.0,0.00869691259603
None0,1200.0,608.0,0.000579794173069
None0,1200.0,611.0,0.000434845629801
None0,1200.0,612.0,0.000144948543267
None0,1200.0,613.0,0.00144948543267
None0,1200.0,614.0,0.000289897086534
None0,1200.0,615.0,0.000434845629801
None0,1200.0,616.0,0.00318886795188
None0,1200.0,617.0,0.00173938251921
None0,1200.0,619.0,0.000434845629801
None0,1200.0,620.0,0.00101463980287
None0,1200.0,621.0,0.00101463980287
None0,1200.0,622.0,0.000289897086534
None0,1200.0,623.0,0.00115958834614
None0,1200.0,624.0,0.000434845629801
None0,1200.0,626.0,0.000289897086534
None0,1200.0,627.0,0.000289897086534
None0,1200.0,628.0,0.000144948543267
None0,1200.0,629.0,0.000724742716336
None0,1200.0,630.0,0.000289897086534
None0,1200.0,631.0,0.00159443397594
None0,1200.0,632.0,0.00159443397594
None0,1200.0,635.0,0.00115958834614
None0,1200.0,637.0,0.00246412523554
None0,1200.0,638.0,0.00231917669227
None0,1200.0,639.0,0.000434845629801
None0,1200.0,640.0,0.00913175822583
None0,1200.0,641.0,0.000434845629801
None0,1200.0,643.0,0.000144948543267
None0,1200.0,645.0,0.00173938251921
None0,1200.0,649.0,0.000579794173069
None0,1200.0,650.0,0.000434845629801
None0,1200.0,651.0,0.000434845629801
None0,1200.0,653.0,0.000144948543267
None0,1200.0,654.0,0.000579794173069
None0,1200.0,657.0,0.00231917669227
None0,1200.0,659.0,0.00173938251921
None0,1200.0,661.0,0.000289897086534
None0,1200.0,662.0,0.000289897086534
None0,1200.0,664.0,0.00101463980287
None0,1200.0,665.0,0.00420350775475
None0,1200.0,667.0,0.00159443397594
None0,1200.0,669.0,0.00159443397594
None0,1200.0,670.0,0.00115958834614
None0,1200.0,671.0,0.000724742716336
None0,1200.0,672.0,0.000579794173069
None0,1200.0,673.0,0.000724742716336
None0,1200.0,675.0,0.000434845629801
None0,1200.0,676.0,0.00188433106247
None0,1200.0,677.0,0.00101463980287
None0,1200.0,678.0,0.000289897086534
None0,1200.0,679.0,0.000144948543267
None0,1200.0,680.0,0.000869691259603
None0,1200.0,681.0,0.0013045368894
None0,1200.0,683.0,0.000434845629801
None0,1200.0,687.0,0.000144948543267
None0,1200.0,688.0,0.000144948543267
None0,1200.0,689.0,0.000144948543267
None0,1200.0,690.0,0.000144948543267
None0,1200.0,691.0,0.00376866212495
None0,1200.0,692.0,0.000289897086534
None0,1200.0,694.0,0.000144948543267
None0,1200.0,695.0,0.00144948543267
None0,1200.0,696.0,0.000144948543267
None0,1200.0,697.0,0.000144948543267
None0,1200.0,698.0,0.000434845629801
None0,1200.0,699.0,0.000434845629801
None0,1200.0,700.0,0.00101463980287
None0,1200.0,702.0,0.000289897086534
None0,1200.0,704.0,0.00362371358168
None0,1200.0,707.0,0.000144948543267
None0,1200.0,713.0,0.000144948543267
None0,1200.0,714.0,0.000144948543267
None0,1200.0,715.0,0.000144948543267
None0,1200.0,716.0,0.000289897086534
None0,1200.0,717.0,0.0013045368894
None0,1200.0,718.0,0.00173938251921
None0,1200.0,720.0,0.000289897086534
None0,1200.0,721.0,0.000434845629801
None0,1200.0,722.0,0.000869691259603
None0,1200.0,724.0,0.0013045368894
None0,1200.0,725.0,0.000434845629801
None0,1200.0,726.0,0.000579794173069
None0,1200.0,727.0,0.000579794173069
None0,1200.0,728.0,0.00260907377881
None0,1200.0,729.0,0.000434845629801
None0,1200.0,733.0,0.000144948543267
None0,1200.0,734.0,0.00260907377881
None0,1200.0,735.0,0.000579794173069
None0,1200.0,736.0,0.000144948543267
None0,1200.0,737.0,0.000869691259603
None0,1200.0,738.0,0.000289897086534
None0,1200.0,739.0,0.00304391940861
None0,1200.0,740.0,0.000289897086534
None0,1200.0,741.0,0.000144948543267
None0,1200.0,742.0,0.000289897086534
None0,1200.0,743.0,0.000144948543267
None0,1200.0,744.0,0.000869691259603
None0,1200.0,745.0,0.000289897086534
None0,1200.0,746.0,0.000144948543267
None0,1200.0,747.0,0.00536309610088
None0,1200.0,748.0,0.000289897086534
None0,1200.0,751.0,0.000579794173069
None0,1200.0,753.0,0.000869691259603
None0,1200.0,754.0,0.00217422814901
None0,1200.0,755.0,0.000144948543267
None0,1200.0,760.0,0.000289897086534
None0,1200.0,761.0,0.000144948543267
None0,1200.0,762.0,0.000579794173069
None0,1200.0,763.0,0.000289897086534
None0,1200.0,764.0,0.000289897086534
None0,1200.0,765.0,0.000869691259603
None0,1200.0,766.0,0.000869691259603
None0,1200.0,767.0,0.00231917669227
None0,1200.0,768.0,0.00231917669227
None0,1200.0,769.0,0.00318886795188
None0,1200.0,770.0,0.00275402232208
None0,1200.0,772.0,0.000144948543267
None0,1200.0,773.0,0.000579794173069
None0,1200.0,774.0,0.0013045368894
None0,1200.0,775.0,0.000724742716336
None0,1200.0,776.0,0.000289897086534
None0,1200.0,777.0,0.000144948543267
None0,1200.0,778.0,0.000144948543267
None0,1200.0,779.0,0.000144948543267
None0,1200.0,780.0,0.00275402232208
None0,1200.0,782.0,0.000579794173069
None0,1200.0,783.0,0.000434845629801
None0,1200.0,784.0,0.00101463980287
None0,1200.0,785.0,0.00115958834614
None0,1200.0,787.0,0.000869691259603
None0,1200.0,788.0,0.000144948543267
None0,1200.0,789.0,0.000724742716336
None0,1200.0,790.0,0.000144948543267
None0,1200.0,791.0,0.00333381649514
None0,1200.0,792.0,0.0118857805479
None0,1200.0,793.0,0.000289897086534
None0,1200.0,794.0,0.000579794173069
None0,1200.0,795.0,0.00101463980287
None0,1200.0,799.0,0.000289897086534
None0,1200.0,800.0,0.000289897086534
None0,1200.0,801.0,0.000144948543267
None0,1200.0,802.0,0.00101463980287
None0,1200.0,804.0,0.00101463980287
None0,1200.0,805.0,0.00217422814901
None0,1200.0,806.0,0.000144948543267
None0,1200.0,807.0,0.00173938251921
None0,1200.0,808.0,0.000724742716336
None0,1200.0,810.0,0.000434845629801
None0,1200.0,811.0,0.000144948543267
None0,1200.0,812.0,0.00260907377881
None0,1200.0,814.0,0.000144948543267
None0,1200.0,816.0,0.0115958834614
None0,1200.0,817.0,0.0088418611393
None0,1200.0,818.0,0.000289897086534
None0,1200.0,820.0,0.000144948543267
None0,1200.0,822.0,0.000144948543267
None0,1200.0,823.0,0.000579794173069
None0,1200.0,824.0,0.000289897086534
None0,1200.0,825.0,0.00159443397594
None0,1200.0,826.0,0.000144948543267
None0,1200.0,827.0,0.00173938251921
None0,1200.0,829.0,0.000289897086534
None0,1200.0,830.0,0.0013045368894
None0,1200.0,832.0,0.000144948543267
None0,1200.0,833.0,0.000144948543267
None0,1200.0,834.0,0.000724742716336
None0,1200.0,835.0,0.000144948543267
None0,1200.0,836.0,0.000144948543267
None0,1200.0,837.0,0.000724742716336
None0,1200.0,839.0,0.00492825047108
None0,1200.0,840.0,0.000144948543267
None0,1200.0,841.0,0.000434845629801
None0,1200.0,843.0,0.000434845629801
None0,1200.0,845.0,0.00855196405276
None0,1200.0,847.0,0.00115958834614
None0,1200.0,848.0,0.00579794173069
None0,1200.0,850.0,0.000434845629801
None0,1200.0,851.0,0.000289897086534
None0,1200.0,853.0,0.000579794173069
None0,1200.0,854.0,0.000144948543267
None0,1200.0,855.0,0.000144948543267
None0,1200.0,856.0,0.000144948543267
None0,1200.0,857.0,0.00449340484128
None0,1200.0,858.0,0.000289897086534
None0,1200.0,860.0,0.00246412523554
None0,1200.0,861.0,0.0013045368894
None0,1200.0,862.0,0.00463835338455
None0,1200.0,863.0,0.00173938251921
None0,1200.0,864.0,0.000434845629801
None0,1200.0,865.0,0.000289897086534
None0,1200.0,867.0,0.00101463980287
None0,1200.0,868.0,0.00550804464415
None0,1200.0,869.0,0.000289897086534
None0,1200.0,870.0,0.00173938251921
None0,1200.0,872.0,0.000289897086534
None0,1200.0,873.0,0.000289897086534
None0,1200.0,874.0,0.000144948543267
None0,1200.0,877.0,0.000144948543267
None0,1200.0,878.0,0.000289897086534
None0,1200.0,882.0,0.00101463980287
None0,1200.0,883.0,0.00173938251921
None0,1200.0,885.0,0.0160892883027
None0,1200.0,886.0,0.000434845629801
None0,1200.0,887.0,0.00159443397594
None0,1200.0,888.0,0.00115958834614
None0,1200.0,889.0,0.000144948543267
None0,1200.0,891.0,0.00101463980287
None0,1200.0,893.0,0.0013045368894
None0,1200.0,895.0,0.00101463980287
None0,1200.0,896.0,0.000144948543267
None0,1200.0,897.0,0.00144948543267
None0,1200.0,898.0,0.000434845629801
None0,1200.0,902.0,0.000289897086534
None0,1200.0,904.0,0.000289897086534
None0,1200.0,905.0,0.000434845629801
None0,1200.0,907.0,0.000434845629801
None0,1200.0,908.0,0.000579794173069
None0,1200.0,909.0,0.000144948543267
None0,1200.0,910.0,0.000144948543267
None0,1200.0,911.0,0.000434845629801
None0,1200.0,913.0,0.000579794173069
None0,1200.0,916.0,0.000289897086534
None0,1200.0,918.0,0.00188433106247
None0,1200.0,919.0,0.000869691259603
None0,1200.0,920.0,0.000289897086534
None0,1200.0,922.0,0.000144948543267
None0,1200.0,923.0,0.000434845629801
None0,1200.0,924.0,0.000434845629801
None0,1200.0,925.0,0.000144948543267
None0,1200.0,928.0,0.000434845629801
None0,1200.0,929.0,0.000144948543267
None0,1200.0,930.0,0.000144948543267
None0,1200.0,932.0,0.000144948543267
None0,1200.0,933.0,0.00115958834614
None0,1200.0,934.0,0.000289897086534
None0,1200.0,938.0,0.000724742716336
None0,1200.0,939.0,0.000144948543267
None0,1200.0,940.0,0.00521814755762
None0,1200.0,941.0,0.000869691259603
None0,1200.0,943.0,0.000434845629801
None0,1200.0,944.0,0.000724742716336
None0,1200.0,946.0,0.000579794173069
None0,1200.0,947.0,0.000144948543267
None0,1200.0,948.0,0.00797216987969
None0,1200.0,949.0,0.000289897086534
None0,1200.0,950.0,0.000434845629801
None0,1200.0,951.0,0.000144948543267
None0,1200.0,952.0,0.00289897086534
None0,1200.0,953.0,0.000579794173069
None0,1200.0,954.0,0.00695753007682
None0,1200.0,955.0,0.000144948543267
None0,1200.0,957.0,0.000869691259603
None0,1200.0,958.0,0.00101463980287
None0,1200.0,959.0,0.000144948543267
None0,1200.0,960.0,0.000144948543267
None0,1200.0,961.0,0.000289897086534
None0,1200.0,963.0,0.000579794173069
None0,1200.0,964.0,0.00376866212495
None0,1200.0,966.0,0.00289897086534
None0,1200.0,967.0,0.000289897086534
None0,1200.0,969.0,0.000434845629801
None0,1200.0,970.0,0.000434845629801
None0,1200.0,971.0,0.00144948543267
None0,1200.0,974.0,0.000144948543267
None0,1200.0,975.0,0.000579794173069
None0,1200.0,976.0,0.000579794173069
None0,1200.0,977.0,0.000434845629801
None0,1200.0,978.0,0.00376866212495
None0,1200.0,981.0,0.000144948543267
None0,1200.0,983.0,0.00144948543267
None0,1200.0,984.0,0.000289897086534
None0,1200.0,985.0,0.000144948543267
None0,1200.0,986.0,0.00115958834614
None0,1200.0,988.0,0.000724742716336
None0,1200.0,989.0,0.00405855921148
None0,1200.0,990.0,0.00304391940861
None0,1200.0,992.0,0.000144948543267
None0,1200.0,993.0,0.000434845629801
None0,1200.0,994.0,0.000434845629801
None0,1200.0,995.0,0.000724742716336
None0,1200.0,998.0,0.000289897086534
None0,1200.0,1000.0,0.000144948543267
None0,1200.0,1001.0,0.000579794173069
None0,1200.0,1002.0,0.000579794173069
None0,1200.0,1003.0,0.00942165531236
None0,1200.0,1004.0,0.000289897086534
None0,1200.0,1005.0,0.000579794173069
None0,1200.0,1007.0,0.000869691259603
None0,1200.0,1008.0,0.000579794173069
None0,1200.0,1009.0,0.000724742716336
None0,1200.0,1010.0,0.00159443397594
None0,1200.0,1012.0,0.000289897086534
None0,1200.0,1013.0,0.000144948543267
None0,1200.0,1014.0,0.000144948543267
None0,1200.0,1015.0,0.0144948543267
None0,1200.0,1016.0,0.000289897086534
None0,1200.0,1017.0,0.000724742716336
None0,1200.0,1018.0,0.000144948543267
None0,1200.0,1020.0,0.00115958834614
None0,1200.0,1021.0,0.000289897086534
None0,1200.0,1022.0,0.000144948543267
None0,1200.0,1025.0,0.0178286708219
None0,1200.0,1027.0,0.00434845629801
None0,1200.0,1029.0,0.00101463980287
None0,1200.0,1030.0,0.000144948543267
None0,1200.0,1031.0,0.000289897086534
None0,1200.0,1032.0,0.00202927960574
None0,1200.0,1034.0,0.000144948543267
None0,1200.0,1035.0,0.000434845629801
None0,1200.0,1036.0,0.000144948543267
None0,1200.0,1041.0,0.000434845629801
None0,1200.0,1042.0,0.000144948543267
None0,1200.0,1043.0,0.00956660385563
None0,1200.0,1045.0,0.000144948543267
None0,1200.0,1046.0,0.00246412523554
None0,1200.0,1047.0,0.000724742716336
None0,1200.0,1049.0,0.000434845629801
None0,1200.0,1050.0,0.000289897086534
None0,1200.0,1051.0,0.000579794173069
None0,1200.0,1052.0,0.00260907377881
None0,1200.0,1053.0,0.00202927960574
None0,1200.0,1054.0,0.00492825047108
None0,1200.0,1056.0,0.00101463980287
None0,1200.0,1057.0,0.000434845629801
None0,1200.0,1058.0,0.00159443397594
None0,1200.0,1059.0,0.00217422814901
None0,1200.0,1060.0,0.00173938251921
None0,1200.0,1061.0,0.000144948543267
None0,1200.0,1064.0,0.000144948543267
None0,1200.0,1066.0,0.000434845629801
None0,1200.0,1067.0,0.000579794173069
None0,1200.0,1068.0,0.00217422814901
None0,1200.0,1070.0,0.000579794173069
None0,1200.0,1071.0,0.000289897086534
None0,1200.0,1072.0,0.00318886795188
None0,1200.0,1074.0,0.000724742716336
None0,1200.0,1075.0,0.000579794173069
None0,1200.0,1076.0,0.000289897086534
None0,1200.0,1077.0,0.00115958834614
None0,1200.0,1078.0,0.00217422814901
None0,1200.0,1079.0,0.000579794173069
None0,1200.0,1080.0,0.000289897086534
None0,1200.0,1081.0,0.000724742716336
None0,1200.0,1083.0,0.000724742716336
None0,1200.0,1084.0,0.00405855921148
None0,1200.0,1085.0,0.000144948543267
None0,1200.0,1086.0,0.0013045368894
None0,1200.0,1087.0,0.000144948543267
None0,1200.0,1088.0,0.000289897086534
None0,1200.0,1089.0,0.000144948543267
None0,1200.0,1090.0,0.00217422814901
None0,1200.0,1091.0,0.000434845629801
None0,1200.0,1092.0,0.00231917669227
None0,1200.0,1093.0,0.00188433106247
None0,1200.0,1094.0,0.000579794173069
None0,1200.0,1095.0,0.000434845629801
None0,1200.0,1096.0,0.00115958834614
None0,1200.0,1098.0,0.000434845629801
None0,1200.0,1099.0,0.000144948543267
None0,1200.0,1102.0,0.000144948543267
None0,1200.0,1103.0,0.000144948543267
None0,1200.0,1104.0,0.000289897086534
None0,1200.0,1105.0,0.000144948543267
None0,1200.0,1106.0,0.000144948543267
None0,1200.0,1108.0,0.000434845629801
None0,1200.0,1114.0,0.00246412523554
None0,1200.0,1116.0,0.00376866212495
None0,1200.0,1117.0,0.00115958834614
None0,1200.0,1118.0,0.000434845629801
None0,1200.0,1119.0,0.000144948543267
None0,1200.0,1120.0,0.000579794173069
None0,1200.0,1123.0,0.000144948543267
None0,1200.0,1124.0,0.00275402232208
None0,1200.0,1125.0,0.00101463980287
None0,1200.0,1127.0,0.000144948543267
None0,1200.0,1128.0,0.000144948543267
None0,1200.0,1130.0,0.000434845629801
None0,1200.0,1131.0,0.000144948543267
None0,1200.0,1132.0,0.0013045368894
None0,1200.0,1133.0,0.000289897086534
None0,1200.0,1135.0,0.00101463980287
None0,1200.0,1136.0,0.000144948543267
None0,1200.0,1137.0,0.00144948543267
None0,1200.0,1139.0,0.000144948543267
None0,1200.0,1140.0,0.00144948543267
None0,1200.0,1141.0,0.000434845629801
None0,1200.0,1142.0,0.000289897086534
None0,1200.0,1143.0,0.00333381649514
None0,1200.0,1144.0,0.0105812436585
None0,1200.0,1145.0,0.000289897086534
None0,1200.0,1146.0,0.000144948543267
None0,1200.0,1147.0,0.000289897086534
None0,1200.0,1149.0,0.000144948543267
None0,1200.0,1152.0,0.000289897086534
None0,1200.0,1154.0,0.000144948543267
None0,1200.0,1155.0,0.000289897086534
None0,1200.0,1156.0,0.000144948543267
None0,1200.0,1157.0,0.000289897086534
None0,1200.0,1158.0,0.000579794173069
None0,1200.0,1159.0,0.000144948543267
None0,1200.0,1160.0,0.00159443397594
None0,1200.0,1161.0,0.000579794173069
None0,1200.0,1162.0,0.00376866212495
None0,1200.0,1163.0,0.000724742716336
None0,1200.0,1164.0,0.000434845629801
None0,1200.0,1165.0,0.00144948543267
None0,1200.0,1166.0,0.000579794173069
None0,1200.0,1167.0,0.000144948543267
None0,1200.0,1168.0,0.000724742716336
None0,1200.0,1169.0,0.000579794173069
None0,1200.0,1170.0,0.000579794173069
None0,1200.0,1171.0,0.000434845629801
None0,1200.0,1172.0,0.00492825047108
None0,1200.0,1175.0,0.000289897086534
None0,1200.0,1177.0,0.0105812436585
None0,1200.0,1179.0,0.000144948543267
None0,1200.0,1180.0,0.000289897086534
None0,1200.0,1181.0,0.000434845629801
None0,1200.0,1183.0,0.000144948543267
None0,1200.0,1185.0,0.000289897086534
None0,1200.0,1186.0,0.00318886795188
None0,1200.0,1191.0,0.000144948543267
None0,1200.0,1192.0,0.000144948543267
None0,1200.0,1194.0,0.000434845629801
None0,1200.0,1195.0,0.000144948543267
None0,1200.0,1196.0,0.000289897086534
None0,1200.0,1197.0,0.000289897086534
None0,1200.0,1198.0,0.000289897086534
None0,1200.0,1199.0,0.000289897086534
None0,1200.0,1201.0,0.000434845629801
None0,1200.0,1202.0,0.000869691259603
None0,1200.0,1204.0,0.000289897086534
None0,1200.0,1205.0,0.0013045368894
None0,1200.0,1207.0,0.000144948543267
None0,1200.0,1208.0,0.00115958834614
None0,1200.0,1209.0,0.000144948543267
None0,1200.0,1211.0,0.000579794173069
None0,1200.0,1213.0,0.00101463980287
None0,1200.0,1214.0,0.00173938251921
None0,1200.0,1216.0,0.00159443397594
None0,1200.0,1217.0,0.000144948543267
None0,1200.0,1218.0,0.000144948543267
None0,1200.0,1219.0,0.000434845629801
None0,1200.0,1220.0,0.00101463980287
None0,1200.0,1221.0,0.000434845629801
None0,1200.0,1223.0,0.000289897086534
None0,1200.0,1225.0,0.000579794173069
None0,1200.0,1228.0,0.00202927960574
None0,1200.0,1230.0,0.000144948543267
None0,1200.0,1231.0,0.00101463980287
None0,1200.0,1233.0,0.000289897086534
None0,1200.0,1237.0,0.00347876503841
None0,1200.0,1239.0,0.000724742716336
None0,1200.0,1241.0,0.00159443397594
None0,1200.0,1242.0,0.00173938251921
None0,1200.0,1243.0,0.000289897086534
None0,1200.0,1244.0,0.000144948543267
None0,1200.0,1245.0,0.000144948543267
None0,1200.0,1246.0,0.000724742716336
None0,1200.0,1247.0,0.00188433106247
None0,1200.0,1249.0,0.000289897086534
None0,1200.0,1250.0,0.000144948543267
None0,1200.0,1251.0,0.00144948543267
None0,1200.0,1252.0,0.00347876503841
None0,1200.0,1253.0,0.000144948543267
None0,1200.0,1256.0,0.000144948543267
None0,1200.0,1257.0,0.0013045368894
None0,1200.0,1258.0,0.00144948543267
None0,1200.0,1259.0,0.000289897086534
None0,1200.0,1260.0,0.000434845629801
None0,1200.0,1264.0,0.000144948543267
None0,1200.0,1265.0,0.000289897086534
None0,1200.0,1266.0,0.000434845629801
None0,1200.0,1270.0,0.000724742716336
None0,1200.0,1274.0,0.00637773590375
None0,1200.0,1275.0,0.000579794173069
None0,1200.0,1276.0,0.00101463980287
None0,1200.0,1277.0,0.000724742716336
None0,1200.0,1278.0,0.000434845629801
None0,1200.0,1279.0,0.00173938251921
None0,1200.0,1280.0,0.00173938251921
None0,1200.0,1283.0,0.000869691259603
None0,1200.0,1284.0,0.000869691259603
None0,1200.0,1285.0,0.000724742716336
None0,1200.0,1286.0,0.000579794173069
None0,1200.0,1287.0,0.000289897086534
None0,1200.0,1289.0,0.000144948543267
None0,1200.0,1290.0,0.000434845629801
None0,1200.0,1291.0,0.000144948543267
None0,1200.0,1293.0,0.000289897086534
None0,1200.0,1294.0,0.000144948543267
None0,1200.0,1296.0,0.000434845629801
None0,1200.0,1298.0,0.000144948543267
None0,1200.0,1299.0,0.000724742716336
None0,1200.0,1300.0,0.000289897086534
None0,1200.0,1301.0,0.000434845629801
None0,1200.0,1302.0,0.000289897086534
None0,1200.0,1305.0,0.000434845629801
None0,1200.0,1306.0,0.000144948543267
None0,1200.0,1310.0,0.000144948543267
None0,1200.0,1316.0,0.00217422814901
None0,1200.0,1317.0,0.000144948543267
None0,1200.0,1318.0,0.00101463980287
None0,1200.0,1320.0,0.000434845629801
None0,1200.0,1321.0,0.000434845629801
None0,1200.0,1323.0,0.00898680968256
None0,1200.0,1324.0,0.000434845629801
None0,1200.0,1327.0,0.000144948543267
None0,1200.0,1328.0,0.000144948543267
None0,1200.0,1329.0,0.000724742716336
None0,1200.0,1330.0,0.000579794173069
None0,1200.0,1332.0,0.0013045368894
None0,1200.0,1333.0,0.000289897086534
None0,1200.0,1334.0,0.000289897086534
None0,1200.0,1336.0,0.000144948543267
None0,1200.0,1337.0,0.000869691259603
None0,1200.0,1338.0,0.000724742716336
None0,1200.0,1340.0,0.00173938251921
None0,1200.0,1341.0,0.00260907377881
None0,1200.0,1342.0,0.000579794173069
None0,1200.0,1344.0,0.000434845629801
None0,1200.0,1345.0,0.000144948543267
None0,1200.0,1347.0,0.000434845629801
None0,1200.0,1348.0,0.000434845629801
None0,1200.0,1349.0,0.00115958834614
None0,1200.0,1350.0,0.000144948543267
None0,1200.0,1352.0,0.000434845629801
None0,1200.0,1353.0,0.0088418611393
None0,1200.0,1354.0,0.000289897086534
None0,1200.0,1355.0,0.000144948543267
None0,1200.0,1356.0,0.000579794173069
None0,1200.0,1357.0,0.000144948543267
None0,1200.0,1358.0,0.000724742716336
None0,1200.0,1360.0,0.000869691259603
None0,1200.0,1361.0,0.00217422814901
None0,1200.0,1362.0,0.000144948543267
None0,1200.0,1364.0,0.000144948543267
None0,1200.0,1366.0,0.000144948543267
None0,1200.0,1367.0,0.00101463980287
None0,1200.0,1368.0,0.000144948543267
None0,1200.0,1369.0,0.000434845629801
None0,1200.0,1371.0,0.000144948543267
None0,1200.0,1372.0,0.000289897086534
None0,1200.0,1373.0,0.00768227279316
None0,1200.0,1374.0,0.000434845629801
None0,1200.0,1375.0,0.000434845629801
None0,1200.0,1377.0,0.000869691259603
None0,1200.0,1378.0,0.000144948543267
None0,1200.0,1379.0,0.00115958834614
None0,1200.0,1380.0,0.000144948543267
None0,1200.0,1381.0,0.000434845629801
None0,1200.0,1382.0,0.000144948543267
None0,1200.0,1384.0,0.000724742716336
None0,1200.0,1385.0,0.000434845629801
None0,1200.0,1386.0,0.00144948543267
None0,1200.0,1387.0,0.00463835338455
None0,1200.0,1392.0,0.00623278736049
None0,1200.0,1395.0,0.0013045368894
None0,1200.0,1396.0,0.00115958834614
None0,1200.0,1400.0,0.000289897086534
None0,1200.0,1401.0,0.00188433106247
None0,1200.0,1402.0,0.00202927960574
None0,1200.0,1403.0,0.00173938251921
None0,1200.0,1404.0,0.000289897086534
None0,1200.0,1407.0,0.000144948543267
None0,1200.0,1408.0,0.000869691259603
None0,1200.0,1409.0,0.000144948543267
None0,1200.0,1412.0,0.000289897086534
None0,1200.0,1413.0,0.000289897086534
None0,1200.0,1414.0,0.000434845629801
None0,1200.0,1416.0,0.00101463980287
None0,1200.0,1418.0,0.000144948543267
None0,1200.0,1419.0,0.00101463980287
None0,1200.0,1420.0,0.00260907377881
None0,1200.0,1422.0,0.000144948543267
None0,1200.0,1423.0,0.00376866212495
None0,1200.0,1425.0,0.00144948543267
None0,1200.0,1427.0,0.000289897086534
None0,1200.0,1428.0,0.000144948543267
None0,1200.0,1429.0,0.000434845629801
None0,1200.0,1430.0,0.000579794173069
None0,1200.0,1431.0,0.000579794173069
None0,1200.0,1433.0,0.000289897086534
None0,1200.0,1434.0,0.0013045368894
None0,1200.0,1435.0,0.000144948543267
None0,1200.0,1436.0,0.000144948543267
None0,1200.0,1437.0,0.00101463980287
None0,1200.0,1440.0,0.000289897086534
None0,1200.0,1442.0,0.000434845629801
None0,1200.0,1443.0,0.000144948543267
None0,1200.0,1444.0,0.000579794173069
None0,1200.0,1445.0,0.000144948543267
None0,1200.0,1447.0,0.000434845629801
None0,1200.0,1448.0,0.000144948543267
None0,1200.0,1450.0,0.000434845629801
None0,1200.0,1454.0,0.00188433106247
None0,1200.0,1455.0,0.000289897086534
None0,1200.0,1456.0,0.000144948543267
None0,1200.0,1457.0,0.000434845629801
None0,1200.0,1458.0,0.000869691259603
None0,1200.0,1459.0,0.000289897086534
None0,1200.0,1460.0,0.000724742716336
None0,1200.0,1461.0,0.000144948543267
None0,1200.0,1462.0,0.00420350775475
None0,1200.0,1465.0,0.000289897086534
None0,1200.0,1466.0,0.00101463980287
None0,1200.0,1468.0,0.000144948543267
None0,1200.0,1470.0,0.000724742716336
None0,1200.0,1472.0,0.00159443397594
None0,1200.0,1473.0,0.000144948543267
None0,1200.0,1475.0,0.00115958834614
None0,1200.0,1477.0,0.000144948543267
None0,1200.0,1478.0,0.000869691259603
None0,1200.0,1479.0,0.000434845629801
None0,1200.0,1480.0,0.000144948543267
None0,1200.0,1482.0,0.000434845629801
None0,1200.0,1483.0,0.00391361066821
None0,1200.0,1486.0,0.000144948543267
None0,1200.0,1487.0,0.000144948543267
None0,1200.0,1488.0,0.0013045368894
None0,1200.0,1490.0,0.000144948543267
None0,1200.0,1492.0,0.00202927960574
None0,1200.0,1494.0,0.000289897086534
None0,1200.0,1495.0,0.000434845629801
None0,1200.0,1496.0,0.000144948543267
None0,1200.0,1497.0,0.0156544426729
None0,1200.0,1498.0,0.00217422814901
None0,1200.0,1500.0,0.000289897086534
None0,1200.0,1502.0,0.000434845629801
None0,1200.0,1503.0,0.00362371358168
None0,1200.0,1504.0,0.000434845629801
None0,1200.0,1506.0,0.000724742716336
None0,1200.0,1508.0,0.000289897086534
None0,1200.0,1511.0,0.0013045368894
None0,1200.0,1514.0,0.00840701550949
None0,1200.0,1516.0,0.000434845629801
None0,1200.0,1519.0,0.00391361066821
None0,1200.0,1520.0,0.00188433106247
None0,1200.0,1522.0,0.00478330192782
None0,1200.0,1523.0,0.000289897086534
None0,1200.0,1525.0,0.00202927960574
None0,1200.0,1526.0,0.00144948543267
None0,1200.0,1528.0,0.000289897086534
None0,1200.0,1529.0,0.000289897086534
None0,1200.0,1530.0,0.000724742716336
None0,1200.0,1533.0,0.00202927960574
None0,1200.0,1534.0,0.000144948543267
None0,1200.0,1535.0,0.000289897086534
None0,1200.0,1536.0,0.000289897086534
None0,1200.0,1538.0,0.000579794173069
None0,1200.0,1539.0,0.000289897086534
None0,1200.0,1540.0,0.00217422814901
None0,1200.0,1541.0,0.00826206696623
None0,1200.0,1542.0,0.000434845629801
None0,1200.0,1543.0,0.000289897086534
None0,1200.0,1544.0,0.000434845629801
None0,1200.0,1545.0,0.00260907377881
None0,1200.0,1547.0,0.000579794173069
None0,1200.0,1550.0,0.00811711842296
None0,1200.0,1551.0,0.000724742716336
None0,1200.0,1552.0,0.000434845629801
None0,1200.0,1553.0,0.00101463980287
None0,1200.0,1555.0,0.000579794173069
None0,1200.0,1557.0,0.00159443397594
None0,1200.0,1559.0,0.000724742716336
None0,1200.0,1560.0,0.000434845629801
None0,1200.0,1561.0,0.0013045368894
None0,1200.0,1562.0,0.000289897086534
None0,1200.0,1563.0,0.00144948543267
None0,1200.0,1564.0,0.000144948543267
None0,1200.0,1565.0,0.000434845629801
None0,1200.0,1566.0,0.00347876503841
None0,1200.0,1567.0,0.000144948543267
None0,1200.0,1568.0,0.00115958834614
None0,1200.0,1569.0,0.000434845629801
None0,1200.0,1570.0,0.00202927960574
None0,1200.0,1571.0,0.000869691259603
None0,1200.0,1572.0,0.000579794173069
None0,1200.0,1573.0,0.00115958834614
None0,1200.0,1574.0,0.000289897086534
None0,1200.0,1576.0,0.000869691259603
None0,1200.0,1578.0,0.000144948543267
None0,1200.0,1579.0,0.000289897086534
None0,1200.0,1580.0,0.0120307290912
None0,1200.0,1581.0,0.00101463980287
None0,1200.0,1586.0,0.01463980287
None0,1200.0,1588.0,0.000434845629801
None0,1200.0,1589.0,0.00101463980287
None0,1200.0,1591.0,0.000434845629801
None0,1200.0,1593.0,0.0013045368894
None0,1200.0,1594.0,0.000289897086534
None0,1200.0,1595.0,0.000289897086534
None0,1200.0,1597.0,0.0129004203508
None0,1200.0,1599.0,0.00304391940861
None0,1200.0,1600.0,0.00115958834614
None0,1200.0,1601.0,0.000289897086534
None0,1200.0,1602.0,0.000289897086534
None0,1200.0,1604.0,0.000289897086534
None0,1200.0,1605.0,0.00115958834614
None0,1200.0,1606.0,0.000144948543267
None0,1200.0,1607.0,0.000289897086534
None0,1200.0,1608.0,0.000144948543267
None0,1200.0,1612.0,0.000144948543267
None0,1200.0,1613.0,0.000434845629801
None0,1200.0,1614.0,0.000144948543267
None0,1200.0,1615.0,0.00275402232208
None0,1200.0,1616.0,0.000724742716336
None0,1200.0,1617.0,0.000579794173069
None0,1200.0,1618.0,0.00101463980287
None0,1200.0,1621.0,0.00463835338455
None0,1200.0,1622.0,0.000144948543267
None0,1200.0,1624.0,0.000144948543267
None0,1200.0,1625.0,0.0013045368894
None0,1200.0,1626.0,0.000434845629801
None0,1200.0,1627.0,0.000144948543267
None0,1200.0,1628.0,0.00637773590375
None0,1200.0,1630.0,0.000289897086534
None0,1200.0,1631.0,0.000144948543267
None0,1200.0,1633.0,0.00115958834614
None0,1200.0,1634.0,0.000724742716336
None0,1200.0,1636.0,0.000144948543267
None0,1200.0,1638.0,0.000579794173069
None0,1200.0,1640.0,0.00115958834614
None0,1200.0,1642.0,0.000144948543267
None0,1200.0,1644.0,0.00101463980287
None0,1200.0,1647.0,0.000144948543267
None0,1200.0,1648.0,0.000289897086534
None0,1200.0,1649.0,0.000289897086534
None0,1200.0,1650.0,0.000434845629801
None0,1200.0,1651.0,0.00217422814901
None0,1200.0,1654.0,0.000144948543267
None0,1200.0,1655.0,0.00304391940861
None0,1200.0,1656.0,0.00405855921148
None0,1200.0,1658.0,0.000144948543267
None0,1200.0,1660.0,0.00420350775475
None0,1200.0,1663.0,0.000144948543267
None0,1200.0,1664.0,0.00507319901435
None0,1200.0,1665.0,0.000579794173069
None0,1200.0,1667.0,0.000579794173069
None0,1200.0,1671.0,0.000434845629801
None0,1200.0,1672.0,0.000144948543267
None0,1200.0,1676.0,0.000434845629801
None0,1200.0,1677.0,0.000869691259603
None0,1200.0,1678.0,0.000144948543267
None0,1200.0,1679.0,0.000144948543267
None0,1200.0,1680.0,0.000434845629801
None0,1200.0,1682.0,0.000869691259603
None0,1200.0,1684.0,0.000434845629801
None0,1200.0,1685.0,0.000724742716336
None0,1200.0,1687.0,0.000434845629801
None0,1200.0,1688.0,0.000579794173069
None0,1200.0,1689.0,0.000144948543267
None0,1200.0,1691.0,0.00144948543267
None0,1200.0,1692.0,0.000579794173069
None0,1200.0,1694.0,0.000144948543267
None0,1200.0,1695.0,0.000869691259603
None0,1200.0,1696.0,0.000434845629801
None0,1200.0,1697.0,0.000724742716336
None0,1200.0,1698.0,0.00173938251921
None0,1200.0,1699.0,0.000289897086534
None0,1200.0,1700.0,0.000289897086534
None0,1200.0,1701.0,0.000869691259603
None0,1200.0,1702.0,0.0111610378316
None0,1200.0,1704.0,0.000724742716336
None0,1200.0,1705.0,0.000144948543267
None0,1200.0,1707.0,0.000144948543267
None0,1200.0,1708.0,0.000724742716336
None0,1200.0,1709.0,0.00231917669227
None0,1200.0,1710.0,0.00565299318742
None0,1200.0,1711.0,0.000144948543267
None0,1200.0,1712.0,0.00304391940861
None0,1200.0,1713.0,0.000289897086534
None0,1200.0,1715.0,0.000869691259603
None0,1200.0,1716.0,0.00449340484128
None0,1200.0,1717.0,0.00101463980287
None0,1200.0,1718.0,0.000434845629801
None0,1200.0,1719.0,0.000434845629801
None0,1200.0,1720.0,0.000434845629801
None0,1200.0,1721.0,0.000434845629801
None0,1200.0,1723.0,0.000724742716336
None0,1200.0,1724.0,0.000579794173069
None0,1200.0,1725.0,0.000144948543267
None0,1200.0,1727.0,0.00188433106247
None0,1200.0,1728.0,0.00101463980287
None0,1200.0,1730.0,0.000289897086534
None0,1200.0,1731.0,0.00115958834614
None0,1200.0,1733.0,0.000434845629801
None0,1200.0,1735.0,0.000579794173069
None0,1200.0,1737.0,0.00826206696623
None0,1200.0,1739.0,0.000289897086534
None0,1200.0,1740.0,0.000869691259603
None0,1200.0,1741.0,0.000579794173069
None0,1200.0,1742.0,0.00202927960574
None0,1200.0,1743.0,0.000144948543267
None0,1200.0,1744.0,0.000724742716336
None0,1200.0,1746.0,0.000289897086534
None0,1200.0,1748.0,0.000144948543267
None0,1200.0,1749.0,0.012465574721
None0,1200.0,1750.0,0.000579794173069
None0,1200.0,1751.0,0.000144948543267
None0,1200.0,1752.0,0.000289897086534
None0,1200.0,1755.0,0.0131903174373
None0,1200.0,1756.0,0.00550804464415
None0,1200.0,1757.0,0.000289897086534
None0,1200.0,1759.0,0.000144948543267
None0,1200.0,1762.0,0.000579794173069
None0,1200.0,1763.0,0.000144948543267
None0,1200.0,1764.0,0.000289897086534
None0,1200.0,1765.0,0.000434845629801
None0,1200.0,1766.0,0.000724742716336
None0,1200.0,1767.0,0.000434845629801
None0,1200.0,1768.0,0.000289897086534
None0,1200.0,1771.0,0.000579794173069
None0,1200.0,1773.0,0.000724742716336
None0,1200.0,1774.0,0.000289897086534
None0,1200.0,1775.0,0.00101463980287
None0,1200.0,1776.0,0.00115958834614
None0,1200.0,1779.0,0.0013045368894
None0,1200.0,1782.0,0.000144948543267
None0,1200.0,1783.0,0.00260907377881
None0,1200.0,1784.0,0.000724742716336
None0,1200.0,1785.0,0.000724742716336
None0,1200.0,1786.0,0.0013045368894
None0,1200.0,1787.0,0.000579794173069
None0,1200.0,1790.0,0.000434845629801
None0,1200.0,1793.0,0.00144948543267
None0,1200.0,1794.0,0.000144948543267
None0,1200.0,1795.0,0.000434845629801
None0,1200.0,1796.0,0.000869691259603
None0,1200.0,1797.0,0.00144948543267
None0,1200.0,1799.0,0.000579794173069
None0,1200.0,1800.0,0.000289897086534
None0,1200.0,1801.0,0.000434845629801
None0,1200.0,1802.0,0.000289897086534
None0,1200.0,1803.0,0.000144948543267
None0,1200.0,1805.0,0.00217422814901
None0,1200.0,1806.0,0.000144948543267
None0,1200.0,1807.0,0.000434845629801
None0,1200.0,1808.0,0.000144948543267
None0,1200.0,1809.0,0.00246412523554
None0,1200.0,1810.0,0.000144948543267
None0,1200.0,1811.0,0.000144948543267
None0,1200.0,1812.0,0.0013045368894
None0,1200.0,1813.0,0.000724742716336
None0,1200.0,1814.0,0.00115958834614
None0,1200.0,1816.0,0.000579794173069
None0,1200.0,1817.0,0.000434845629801
None0,1200.0,1818.0,0.00217422814901
None0,1200.0,1820.0,0.000144948543267
None0,1200.0,1821.0,0.000579794173069
None0,1200.0,1822.0,0.00101463980287
None0,1200.0,1824.0,0.000289897086534
None0,1200.0,1825.0,0.000724742716336
None0,1200.0,1826.0,0.000144948543267
None0,1200.0,1827.0,0.000434845629801
None0,1200.0,1828.0,0.000289897086534
None0,1200.0,1829.0,0.000434845629801
None0,1200.0,1832.0,0.000434845629801
None0,1200.0,1833.0,0.000289897086534
None0,1200.0,1834.0,0.000579794173069
None0,1200.0,1835.0,0.000579794173069
None0,1200.0,1837.0,0.00101463980287
None0,1200.0,1840.0,0.000144948543267
None0,1200.0,1842.0,0.000434845629801
None0,1200.0,1843.0,0.000144948543267
None0,1200.0,1844.0,0.000869691259603
None0,1200.0,1846.0,0.00260907377881
None0,1200.0,1847.0,0.00246412523554
None0,1200.0,1850.0,0.00173938251921
None0,1200.0,1851.0,0.00159443397594
None0,1200.0,1852.0,0.000144948543267
None0,1200.0,1853.0,0.000434845629801
None0,1200.0,1855.0,0.000289897086534
None0,1200.0,1856.0,0.000289897086534
None0,1200.0,1858.0,0.000434845629801
None0,1200.0,1859.0,0.000289897086534
None0,1200.0,1860.0,0.000579794173069
None0,1200.0,1861.0,0.00101463980287
None0,1200.0,1863.0,0.000289897086534
None0,1200.0,1865.0,0.000434845629801
None0,1200.0,1866.0,0.000144948543267
None0,1200.0,1868.0,0.00101463980287
None0,1200.0,1870.0,0.000434845629801
None0,1200.0,1871.0,0.00115958834614
None0,1200.0,1873.0,0.000289897086534
None0,1200.0,1874.0,0.000289897086534
None0,1200.0,1877.0,0.000289897086534
None0,1200.0,1878.0,0.000579794173069
None0,1200.0,1879.0,0.000144948543267
None0,1200.0,1880.0,0.000434845629801
None0,1200.0,1881.0,0.00478330192782
None0,1200.0,1882.0,0.000579794173069
None0,1200.0,1883.0,0.000289897086534
None0,1200.0,1884.0,0.00159443397594
None0,1200.0,1886.0,0.000434845629801
None0,1200.0,1887.0,0.000434845629801
None0,1200.0,1888.0,0.000289897086534
None0,1200.0,1890.0,0.000869691259603
None0,1200.0,1891.0,0.000289897086534
None0,1200.0,1893.0,0.000289897086534
None0,1200.0,1895.0,0.00202927960574
None0,1200.0,1896.0,0.000144948543267
None0,1200.0,1897.0,0.00333381649514
None0,1200.0,1899.0,0.00376866212495
None0,1200.0,1901.0,0.00434845629801
None0,1200.0,1902.0,0.000144948543267
None0,1200.0,1904.0,0.00159443397594
None0,1200.0,1905.0,0.00101463980287
None0,1200.0,1907.0,0.00101463980287
None0,1200.0,1908.0,0.00101463980287
None0,1200.0,1909.0,0.000144948543267
None0,1200.0,1913.0,0.00202927960574
None0,1200.0,1914.0,0.000579794173069
None0,1200.0,1915.0,0.000869691259603
None0,1200.0,1916.0,0.000289897086534
None0,1200.0,1917.0,0.000144948543267
None0,1200.0,1921.0,0.000144948543267
None0,1200.0,1922.0,0.000579794173069
None0,1200.0,1923.0,0.000144948543267
None0,1200.0,1924.0,0.000289897086534
None0,1200.0,1925.0,0.000144948543267
None0,1200.0,1926.0,0.000434845629801
None0,1200.0,1928.0,0.00115958834614
None0,1200.0,1930.0,0.000579794173069
None0,1200.0,1934.0,0.000869691259603
None0,1200.0,1935.0,0.000434845629801
None0,1200.0,1936.0,0.000289897086534
None0,1200.0,1937.0,0.000869691259603
None0,1200.0,1938.0,0.000144948543267
None0,1200.0,1939.0,0.000144948543267
None0,1200.0,1940.0,0.000289897086534
None0,1200.0,1942.0,0.000144948543267
None0,1200.0,1943.0,0.00289897086534
None0,1200.0,1944.0,0.00391361066821
None0,1200.0,1947.0,0.00115958834614
None0,1200.0,1948.0,0.00159443397594
None0,1200.0,1949.0,0.000144948543267
None0,1200.0,1950.0,0.000434845629801
None0,1200.0,1952.0,0.000579794173069
None0,1200.0,1953.0,0.00101463980287
None0,1200.0,1955.0,0.000289897086534
None0,1200.0,1957.0,0.00101463980287
None0,1200.0,1958.0,0.000144948543267
None0,1200.0,1959.0,0.00420350775475
None0,1200.0,1960.0,0.000289897086534
None0,1200.0,1961.0,0.000724742716336
None0,1200.0,1963.0,0.000579794173069
None0,1200.0,1964.0,0.00115958834614
None0,1200.0,1965.0,0.000579794173069
None0,1200.0,1966.0,0.00391361066821
None0,1200.0,1967.0,0.000434845629801
None0,1200.0,1968.0,0.000144948543267
None0,1200.0,1971.0,0.000579794173069
None0,1200.0,1972.0,0.000579794173069
None0,1200.0,1973.0,0.000289897086534
None0,1200.0,1975.0,0.000289897086534
None0,1200.0,1977.0,0.00710247862009
None0,1200.0,1978.0,0.000144948543267
None0,1200.0,1982.0,0.000289897086534
None0,1200.0,1983.0,0.000434845629801
None0,1200.0,1985.0,0.000144948543267
None0,1200.0,1986.0,0.000144948543267
None0,1200.0,1987.0,0.000144948543267
None0,1200.0,1988.0,0.000579794173069
None0,1200.0,1990.0,0.000289897086534
None0,1200.0,1991.0,0.00188433106247
None0,1200.0,1992.0,0.000434845629801
None0,1200.0,1993.0,0.000144948543267
None0,1200.0,1994.0,0.000724742716336
None0,1200.0,1995.0,0.000289897086534
None0,1200.0,1997.0,0.000144948543267
None0,1200.0,1998.0,0.000289897086534
None0,1200.0,1999.0,0.000434845629801
None0,1201.0,0.0,0.00710900473934
None0,1201.0,2.0,0.000236966824645
None0,1201.0,3.0,0.0021327014218
None0,1201.0,4.0,0.00189573459716
None0,1201.0,5.0,0.00829383886256
None0,1201.0,6.0,0.000710900473934
None0,1201.0,7.0,0.000236966824645
None0,1201.0,8.0,0.000236966824645
None0,1201.0,10.0,0.00142180094787
None0,1201.0,12.0,0.00781990521327
None0,1201.0,13.0,0.0101895734597
None0,1201.0,15.0,0.000947867298578
None0,1201.0,16.0,0.000473933649289
None0,1201.0,17.0,0.000236966824645
None0,1201.0,23.0,0.000473933649289
None0,1201.0,24.0,0.00402843601896
None0,1201.0,26.0,0.000473933649289
None0,1201.0,27.0,0.0357819905213
None0,1201.0,28.0,0.0156398104265
None0,1201.0,29.0,0.00118483412322
None0,1201.0,30.0,0.00402843601896
None0,1201.0,31.0,0.000473933649289
None0,1201.0,33.0,0.00805687203791
None0,1201.0,34.0,0.000710900473934
None0,1201.0,35.0,0.00308056872038
None0,1201.0,36.0,0.000473933649289
None0,1201.0,37.0,0.000236966824645
None0,1201.0,38.0,0.0405213270142
None0,1201.0,39.0,0.00592417061611
None0,1201.0,40.0,0.00118483412322
None0,1201.0,41.0,0.000473933649289
None0,1201.0,44.0,0.000236966824645
None0,1201.0,45.0,0.000236966824645
None0,1201.0,46.0,0.000947867298578
None0,1201.0,47.0,0.00118483412322
None0,1201.0,48.0,0.000236966824645
None0,1201.0,49.0,0.00142180094787
None0,1201.0,51.0,0.000473933649289
None0,1201.0,52.0,0.00165876777251
None0,1201.0,54.0,0.000236966824645
None0,1201.0,56.0,0.000236966824645
None0,1201.0,57.0,0.000710900473934
None0,1201.0,58.0,0.000947867298578
None0,1201.0,60.0,0.00118483412322
None0,1201.0,61.0,0.000710900473934
None0,1201.0,62.0,0.000710900473934
None0,1201.0,63.0,0.00402843601896
None0,1201.0,64.0,0.000236966824645
None0,1201.0,65.0,0.000236966824645
None0,1201.0,66.0,0.000947867298578
None0,1201.0,67.0,0.00142180094787
None0,1201.0,68.0,0.000710900473934
None0,1201.0,69.0,0.00189573459716
None0,1201.0,72.0,0.000947867298578
None0,1201.0,73.0,0.000947867298578
None0,1201.0,74.0,0.0021327014218
None0,1201.0,82.0,0.000710900473934
None0,1201.0,84.0,0.000236966824645
None0,1201.0,88.0,0.000236966824645
None0,1201.0,89.0,0.000710900473934
None0,1201.0,91.0,0.0085308056872
None0,1201.0,92.0,0.000236966824645
None0,1201.0,94.0,0.00402843601896
None0,1201.0,95.0,0.000236966824645
None0,1201.0,101.0,0.000236966824645
None0,1201.0,106.0,0.000710900473934
None0,1201.0,107.0,0.000236966824645
None0,1201.0,108.0,0.000236966824645
None0,1201.0,115.0,0.000236966824645
None0,1201.0,117.0,0.000236966824645
None0,1201.0,123.0,0.000236966824645
None0,1201.0,125.0,0.000236966824645
None0,1201.0,128.0,0.00189573459716
None0,1201.0,133.0,0.000236966824645
None0,1201.0,139.0,0.000236966824645
None0,1201.0,141.0,0.000236966824645
None0,1201.0,148.0,0.00142180094787
None0,1201.0,153.0,0.000473933649289
None0,1201.0,154.0,0.000947867298578
None0,1201.0,155.0,0.000473933649289
None0,1201.0,163.0,0.000236966824645
None0,1201.0,164.0,0.00118483412322
None0,1201.0,165.0,0.000236966824645
None0,1201.0,166.0,0.000710900473934
None0,1201.0,168.0,0.000236966824645
None0,1201.0,176.0,0.00118483412322
None0,1201.0,177.0,0.0130331753555
None0,1201.0,178.0,0.00829383886256
None0,1201.0,179.0,0.000947867298578
None0,1201.0,184.0,0.000236966824645
None0,1201.0,185.0,0.00379146919431
None0,1201.0,186.0,0.000710900473934
None0,1201.0,187.0,0.00260663507109
None0,1201.0,188.0,0.000710900473934
None0,1201.0,189.0,0.000473933649289
None0,1201.0,191.0,0.00142180094787
None0,1201.0,192.0,0.000236966824645
None0,1201.0,193.0,0.000236966824645
None0,1201.0,194.0,0.00805687203791
None0,1201.0,195.0,0.000710900473934
None0,1201.0,198.0,0.000710900473934
None0,1201.0,199.0,0.000710900473934
None0,1201.0,200.0,0.000473933649289
None0,1201.0,201.0,0.00402843601896
None0,1201.0,204.0,0.000947867298578
None0,1201.0,205.0,0.00260663507109
None0,1201.0,213.0,0.000236966824645
None0,1201.0,217.0,0.00118483412322
None0,1201.0,226.0,0.000236966824645
None0,1201.0,228.0,0.00355450236967
None0,1201.0,229.0,0.000473933649289
None0,1201.0,231.0,0.00118483412322
None0,1201.0,232.0,0.000473933649289
None0,1201.0,237.0,0.000947867298578
None0,1201.0,238.0,0.000473933649289
None0,1201.0,241.0,0.00165876777251
None0,1201.0,242.0,0.000236966824645
None0,1201.0,243.0,0.000236966824645
None0,1201.0,244.0,0.00236966824645
None0,1201.0,245.0,0.00331753554502
None0,1201.0,246.0,0.000710900473934
None0,1201.0,247.0,0.00829383886256
None0,1201.0,249.0,0.0021327014218
None0,1201.0,250.0,0.00118483412322
None0,1201.0,251.0,0.0116113744076
None0,1201.0,252.0,0.000947867298578
None0,1201.0,254.0,0.000710900473934
None0,1201.0,255.0,0.00142180094787
None0,1201.0,258.0,0.00758293838863
None0,1201.0,259.0,0.000710900473934
None0,1201.0,261.0,0.00616113744076
None0,1201.0,262.0,0.000236966824645
None0,1201.0,263.0,0.000236966824645
None0,1201.0,268.0,0.000236966824645
None0,1201.0,269.0,0.00118483412322
None0,1201.0,270.0,0.00616113744076
None0,1201.0,271.0,0.000473933649289
None0,1201.0,278.0,0.000473933649289
None0,1201.0,282.0,0.000947867298578
None0,1201.0,286.0,0.00900473933649
None0,1201.0,287.0,0.000473933649289
None0,1201.0,288.0,0.000710900473934
None0,1201.0,290.0,0.000947867298578
None0,1201.0,291.0,0.0042654028436
None0,1201.0,296.0,0.000473933649289
None0,1201.0,297.0,0.000236966824645
None0,1201.0,300.0,0.000236966824645
None0,1201.0,301.0,0.00829383886256
None0,1201.0,304.0,0.00165876777251
None0,1201.0,305.0,0.000947867298578
None0,1201.0,306.0,0.000236966824645
None0,1201.0,309.0,0.000947867298578
None0,1201.0,310.0,0.0163507109005
None0,1201.0,313.0,0.0215639810427
None0,1201.0,314.0,0.00284360189573
None0,1201.0,315.0,0.000710900473934
None0,1201.0,317.0,0.000947867298578
None0,1201.0,319.0,0.04336492891
None0,1201.0,320.0,0.000710900473934
None0,1201.0,323.0,0.000236966824645
None0,1201.0,324.0,0.00260663507109
None0,1201.0,325.0,0.000947867298578
None0,1201.0,327.0,0.000236966824645
None0,1201.0,328.0,0.00165876777251
None0,1201.0,330.0,0.000473933649289
None0,1201.0,331.0,0.000236966824645
None0,1201.0,332.0,0.00236966824645
None0,1201.0,333.0,0.000473933649289
None0,1201.0,335.0,0.000236966824645
None0,1201.0,338.0,0.000236966824645
None0,1201.0,339.0,0.000236966824645
None0,1201.0,340.0,0.000473933649289
None0,1201.0,341.0,0.000947867298578
None0,1201.0,342.0,0.000473933649289
None0,1201.0,346.0,0.00402843601896
None0,1201.0,347.0,0.000710900473934
None0,1201.0,348.0,0.000236966824645
None0,1201.0,349.0,0.000473933649289
None0,1201.0,351.0,0.000236966824645
None0,1201.0,353.0,0.000473933649289
None0,1201.0,355.0,0.000236966824645
None0,1201.0,356.0,0.000236966824645
None0,1201.0,357.0,0.00118483412322
None0,1201.0,358.0,0.00260663507109
None0,1201.0,359.0,0.000947867298578
None0,1201.0,360.0,0.00142180094787
None0,1201.0,362.0,0.000710900473934
None0,1201.0,364.0,0.00236966824645
None0,1201.0,365.0,0.0132701421801
None0,1201.0,367.0,0.000236966824645
None0,1201.0,369.0,0.00924170616114
None0,1201.0,370.0,0.000710900473934
None0,1201.0,371.0,0.00142180094787
None0,1201.0,372.0,0.000236966824645
None0,1201.0,373.0,0.00142180094787
None0,1201.0,378.0,0.00118483412322
None0,1201.0,380.0,0.000473933649289
None0,1201.0,381.0,0.000236966824645
None0,1201.0,382.0,0.00189573459716
None0,1201.0,383.0,0.00118483412322
None0,1201.0,386.0,0.0021327014218
None0,1201.0,387.0,0.000473933649289
None0,1201.0,388.0,0.000236966824645
None0,1201.0,389.0,0.000236966824645
None0,1201.0,390.0,0.00497630331754
None0,1201.0,393.0,0.000710900473934
None0,1201.0,394.0,0.0144549763033
None0,1201.0,398.0,0.00545023696682
None0,1201.0,401.0,0.000473933649289
None0,1201.0,403.0,0.0104265402844
None0,1201.0,405.0,0.000236966824645
None0,1201.0,407.0,0.000236966824645
None0,1201.0,409.0,0.000236966824645
None0,1201.0,410.0,0.000236966824645
None0,1201.0,413.0,0.000236966824645
None0,1201.0,415.0,0.00947867298578
None0,1201.0,416.0,0.000947867298578
None0,1201.0,417.0,0.00663507109005
None0,1201.0,419.0,0.000236966824645
None0,1201.0,420.0,0.000473933649289
None0,1201.0,424.0,0.000473933649289
None0,1201.0,425.0,0.000473933649289
None0,1201.0,429.0,0.00118483412322
None0,1201.0,432.0,0.00308056872038
None0,1201.0,433.0,0.000236966824645
None0,1201.0,437.0,0.00616113744076
None0,1201.0,439.0,0.0142180094787
None0,1201.0,440.0,0.000236966824645
None0,1201.0,442.0,0.0021327014218
None0,1201.0,445.0,0.000947867298578
None0,1201.0,446.0,0.000236966824645
None0,1201.0,447.0,0.000236966824645
None0,1201.0,450.0,0.00402843601896
None0,1201.0,451.0,0.000236966824645
None0,1201.0,453.0,0.000236966824645
None0,1201.0,454.0,0.00402843601896
None0,1201.0,457.0,0.0042654028436
None0,1201.0,458.0,0.000236966824645
None0,1201.0,459.0,0.00284360189573
None0,1201.0,460.0,0.00165876777251
None0,1201.0,462.0,0.00118483412322
None0,1201.0,464.0,0.000236966824645
None0,1201.0,465.0,0.000710900473934
None0,1201.0,466.0,0.000947867298578
None0,1201.0,467.0,0.00260663507109
None0,1201.0,468.0,0.000710900473934
None0,1201.0,471.0,0.000236966824645
None0,1201.0,473.0,0.000236966824645
None0,1201.0,474.0,0.000236966824645
None0,1201.0,477.0,0.000236966824645
None0,1201.0,478.0,0.000710900473934
None0,1201.0,479.0,0.000236966824645
None0,1201.0,480.0,0.000236966824645
None0,1201.0,481.0,0.000473933649289
None0,1201.0,482.0,0.00236966824645
None0,1201.0,483.0,0.00189573459716
None0,1201.0,484.0,0.000710900473934
None0,1201.0,485.0,0.000236966824645
None0,1201.0,486.0,0.000236966824645
None0,1201.0,488.0,0.0042654028436
None0,1201.0,489.0,0.00236966824645
None0,1201.0,490.0,0.000236966824645
None0,1201.0,494.0,0.000473933649289
None0,1201.0,495.0,0.0125592417062
None0,1201.0,496.0,0.00118483412322
None0,1201.0,499.0,0.000710900473934
None0,1201.0,500.0,0.000236966824645
None0,1201.0,501.0,0.000236966824645
None0,1201.0,502.0,0.00118483412322
None0,1201.0,504.0,0.000473933649289
None0,1201.0,505.0,0.0132701421801
None0,1201.0,506.0,0.00189573459716
None0,1201.0,509.0,0.0021327014218
None0,1201.0,512.0,0.00260663507109
None0,1201.0,513.0,0.000236966824645
None0,1201.0,514.0,0.000236966824645
None0,1201.0,515.0,0.000473933649289
None0,1201.0,516.0,0.00379146919431
None0,1201.0,517.0,0.00142180094787
None0,1201.0,523.0,0.000710900473934
None0,1201.0,526.0,0.0210900473934
None0,1201.0,528.0,0.00260663507109
None0,1201.0,529.0,0.000473933649289
None0,1201.0,531.0,0.00829383886256
None0,1201.0,532.0,0.000710900473934
None0,1201.0,533.0,0.00876777251185
None0,1201.0,538.0,0.000947867298578
None0,1201.0,545.0,0.00118483412322
None0,1201.0,546.0,0.00165876777251
None0,1201.0,552.0,0.00142180094787
None0,1201.0,553.0,0.0161137440758
None0,1201.0,554.0,0.0021327014218
None0,1201.0,557.0,0.00473933649289
None0,1201.0,564.0,0.00142180094787
None0,1201.0,567.0,0.000236966824645
None0,1201.0,568.0,0.00236966824645
None0,1201.0,571.0,0.000710900473934
None0,1201.0,572.0,0.00284360189573
None0,1201.0,574.0,0.000947867298578
None0,1201.0,575.0,0.00260663507109
None0,1201.0,576.0,0.000710900473934
None0,1201.0,577.0,0.000947867298578
None0,1201.0,578.0,0.000947867298578
None0,1201.0,580.0,0.00687203791469
None0,1201.0,581.0,0.000236966824645
None0,1201.0,582.0,0.00473933649289
None0,1201.0,583.0,0.000473933649289
None0,1201.0,584.0,0.000947867298578
None0,1201.0,585.0,0.000710900473934
None0,1201.0,586.0,0.000236966824645
None0,1201.0,587.0,0.00142180094787
None0,1201.0,588.0,0.000236966824645
None0,1201.0,590.0,0.000236966824645
None0,1201.0,591.0,0.000473933649289
None0,1201.0,596.0,0.00189573459716
None0,1201.0,597.0,0.000236966824645
None0,1201.0,598.0,0.000710900473934
None0,1201.0,599.0,0.000236966824645
None0,1201.0,600.0,0.000236966824645
None0,1201.0,602.0,0.000947867298578
None0,1201.0,603.0,0.000710900473934
None0,1201.0,604.0,0.00189573459716
None0,1201.0,606.0,0.00924170616114
None0,1201.0,608.0,0.000473933649289
None0,1201.0,612.0,0.000710900473934
None0,1201.0,615.0,0.000236966824645
None0,1201.0,616.0,0.00142180094787
None0,1201.0,617.0,0.000710900473934
None0,1201.0,618.0,0.000236966824645
None0,1201.0,620.0,0.000947867298578
None0,1201.0,622.0,0.00142180094787
None0,1201.0,624.0,0.00165876777251
None0,1201.0,627.0,0.000236966824645
None0,1201.0,629.0,0.00142180094787
None0,1201.0,630.0,0.00118483412322
None0,1201.0,631.0,0.00118483412322
None0,1201.0,632.0,0.0021327014218
None0,1201.0,635.0,0.0021327014218
None0,1201.0,637.0,0.00308056872038
None0,1201.0,638.0,0.00829383886256
None0,1201.0,640.0,0.000236966824645
None0,1201.0,641.0,0.00118483412322
None0,1201.0,643.0,0.000947867298578
None0,1201.0,645.0,0.00355450236967
None0,1201.0,647.0,0.000236966824645
None0,1201.0,649.0,0.000710900473934
None0,1201.0,650.0,0.000473933649289
None0,1201.0,651.0,0.000236966824645
None0,1201.0,652.0,0.000236966824645
None0,1201.0,654.0,0.000236966824645
None0,1201.0,657.0,0.000473933649289
None0,1201.0,659.0,0.0021327014218
None0,1201.0,664.0,0.00142180094787
None0,1201.0,665.0,0.00236966824645
None0,1201.0,666.0,0.000236966824645
None0,1201.0,667.0,0.000473933649289
None0,1201.0,668.0,0.000236966824645
None0,1201.0,669.0,0.00118483412322
None0,1201.0,670.0,0.00355450236967
None0,1201.0,671.0,0.000947867298578
None0,1201.0,672.0,0.00142180094787
None0,1201.0,673.0,0.000473933649289
None0,1201.0,674.0,0.000236966824645
None0,1201.0,676.0,0.00165876777251
None0,1201.0,677.0,0.0120853080569
None0,1201.0,678.0,0.000236966824645
None0,1201.0,680.0,0.000947867298578
None0,1201.0,681.0,0.00995260663507
None0,1201.0,683.0,0.000236966824645
None0,1201.0,687.0,0.000236966824645
None0,1201.0,688.0,0.000473933649289
None0,1201.0,689.0,0.000236966824645
None0,1201.0,691.0,0.0021327014218
None0,1201.0,692.0,0.000236966824645
None0,1201.0,694.0,0.000473933649289
None0,1201.0,695.0,0.000473933649289
None0,1201.0,696.0,0.000473933649289
None0,1201.0,697.0,0.000236966824645
None0,1201.0,698.0,0.000473933649289
None0,1201.0,699.0,0.000710900473934
None0,1201.0,700.0,0.00308056872038
None0,1201.0,704.0,0.00379146919431
None0,1201.0,708.0,0.000236966824645
None0,1201.0,713.0,0.000236966824645
None0,1201.0,718.0,0.00260663507109
None0,1201.0,719.0,0.000236966824645
None0,1201.0,722.0,0.00142180094787
None0,1201.0,725.0,0.000236966824645
None0,1201.0,726.0,0.000236966824645
None0,1201.0,727.0,0.000710900473934
None0,1201.0,728.0,0.00189573459716
None0,1201.0,730.0,0.000947867298578
None0,1201.0,734.0,0.00142180094787
None0,1201.0,735.0,0.00118483412322
None0,1201.0,737.0,0.000473933649289
None0,1201.0,739.0,0.00592417061611
None0,1201.0,740.0,0.000473933649289
None0,1201.0,746.0,0.000473933649289
None0,1201.0,747.0,0.00284360189573
None0,1201.0,751.0,0.00308056872038
None0,1201.0,753.0,0.000710900473934
None0,1201.0,754.0,0.00521327014218
None0,1201.0,765.0,0.000947867298578
None0,1201.0,766.0,0.000236966824645
None0,1201.0,767.0,0.00142180094787
None0,1201.0,768.0,0.000710900473934
None0,1201.0,769.0,0.00165876777251
None0,1201.0,770.0,0.00189573459716
None0,1201.0,774.0,0.000710900473934
None0,1201.0,775.0,0.000473933649289
None0,1201.0,776.0,0.000236966824645
None0,1201.0,778.0,0.000236966824645
None0,1201.0,780.0,0.00165876777251
None0,1201.0,781.0,0.00165876777251
None0,1201.0,782.0,0.000710900473934
None0,1201.0,783.0,0.00142180094787
None0,1201.0,785.0,0.00379146919431
None0,1201.0,786.0,0.000236966824645
None0,1201.0,787.0,0.000236966824645
None0,1201.0,789.0,0.000236966824645
None0,1201.0,790.0,0.000236966824645
None0,1201.0,792.0,0.00497630331754
None0,1201.0,793.0,0.000473933649289
None0,1201.0,794.0,0.000710900473934
None0,1201.0,795.0,0.00260663507109
None0,1201.0,797.0,0.000236966824645
None0,1201.0,801.0,0.000710900473934
None0,1201.0,802.0,0.000473933649289
None0,1201.0,804.0,0.000236966824645
None0,1201.0,805.0,0.00758293838863
None0,1201.0,807.0,0.00189573459716
None0,1201.0,812.0,0.00805687203791
None0,1201.0,816.0,0.00308056872038
None0,1201.0,817.0,0.00165876777251
None0,1201.0,818.0,0.000236966824645
None0,1201.0,819.0,0.00165876777251
None0,1201.0,822.0,0.000236966824645
None0,1201.0,823.0,0.00189573459716
None0,1201.0,824.0,0.000236966824645
None0,1201.0,825.0,0.00142180094787
None0,1201.0,827.0,0.00379146919431
None0,1201.0,828.0,0.000473933649289
None0,1201.0,829.0,0.000710900473934
None0,1201.0,830.0,0.000710900473934
None0,1201.0,833.0,0.000236966824645
None0,1201.0,839.0,0.00308056872038
None0,1201.0,841.0,0.000473933649289
None0,1201.0,842.0,0.000473933649289
None0,1201.0,843.0,0.000236966824645
None0,1201.0,845.0,0.000473933649289
None0,1201.0,847.0,0.00118483412322
None0,1201.0,848.0,0.00971563981043
None0,1201.0,851.0,0.000236966824645
None0,1201.0,855.0,0.000236966824645
None0,1201.0,856.0,0.000473933649289
None0,1201.0,857.0,0.00545023696682
None0,1201.0,858.0,0.000236966824645
None0,1201.0,860.0,0.00284360189573
None0,1201.0,861.0,0.00497630331754
None0,1201.0,862.0,0.00734597156398
None0,1201.0,863.0,0.00450236966825
None0,1201.0,864.0,0.000947867298578
None0,1201.0,866.0,0.000236966824645
None0,1201.0,867.0,0.00165876777251
None0,1201.0,868.0,0.00165876777251
None0,1201.0,869.0,0.000236966824645
None0,1201.0,870.0,0.00402843601896
None0,1201.0,872.0,0.000473933649289
None0,1201.0,873.0,0.000473933649289
None0,1201.0,877.0,0.000473933649289
None0,1201.0,882.0,0.000710900473934
None0,1201.0,883.0,0.000710900473934
None0,1201.0,885.0,0.000473933649289
None0,1201.0,886.0,0.000236966824645
None0,1201.0,887.0,0.000947867298578
None0,1201.0,888.0,0.000947867298578
None0,1201.0,889.0,0.000947867298578
None0,1201.0,890.0,0.000947867298578
None0,1201.0,891.0,0.000947867298578
None0,1201.0,893.0,0.000947867298578
None0,1201.0,894.0,0.000473933649289
None0,1201.0,895.0,0.000947867298578
None0,1201.0,897.0,0.000710900473934
None0,1201.0,898.0,0.000473933649289
None0,1201.0,901.0,0.000236966824645
None0,1201.0,904.0,0.000236966824645
None0,1201.0,906.0,0.000236966824645
None0,1201.0,907.0,0.000236966824645
None0,1201.0,909.0,0.000236966824645
None0,1201.0,910.0,0.000710900473934
None0,1201.0,911.0,0.000947867298578
None0,1201.0,913.0,0.00284360189573
None0,1201.0,916.0,0.000236966824645
None0,1201.0,918.0,0.00165876777251
None0,1201.0,919.0,0.000236966824645
None0,1201.0,920.0,0.000236966824645
None0,1201.0,922.0,0.000236966824645
None0,1201.0,923.0,0.00236966824645
None0,1201.0,924.0,0.000236966824645
None0,1201.0,925.0,0.000473933649289
None0,1201.0,926.0,0.000236966824645
None0,1201.0,928.0,0.000236966824645
None0,1201.0,931.0,0.000236966824645
None0,1201.0,932.0,0.000236966824645
None0,1201.0,933.0,0.0120853080569
None0,1201.0,934.0,0.000473933649289
None0,1201.0,935.0,0.000236966824645
None0,1201.0,937.0,0.000236966824645
None0,1201.0,938.0,0.00118483412322
None0,1201.0,939.0,0.000710900473934
None0,1201.0,940.0,0.00260663507109
None0,1201.0,941.0,0.0021327014218
None0,1201.0,944.0,0.000947867298578
None0,1201.0,946.0,0.000473933649289
None0,1201.0,948.0,0.00402843601896
None0,1201.0,951.0,0.000473933649289
None0,1201.0,952.0,0.00521327014218
None0,1201.0,953.0,0.000473933649289
None0,1201.0,954.0,0.0042654028436
None0,1201.0,956.0,0.000473933649289
None0,1201.0,957.0,0.00308056872038
None0,1201.0,958.0,0.000236966824645
None0,1201.0,959.0,0.00118483412322
None0,1201.0,961.0,0.000473933649289
None0,1201.0,964.0,0.00781990521327
None0,1201.0,966.0,0.00165876777251
None0,1201.0,969.0,0.00331753554502
None0,1201.0,970.0,0.000473933649289
None0,1201.0,971.0,0.000473933649289
None0,1201.0,975.0,0.000236966824645
None0,1201.0,976.0,0.000236966824645
None0,1201.0,978.0,0.00616113744076
None0,1201.0,982.0,0.000236966824645
None0,1201.0,983.0,0.000947867298578
None0,1201.0,986.0,0.0144549763033
None0,1201.0,988.0,0.00118483412322
None0,1201.0,989.0,0.00781990521327
None0,1201.0,990.0,0.00142180094787
None0,1201.0,993.0,0.000473933649289
None0,1201.0,995.0,0.00189573459716
None0,1201.0,997.0,0.000236966824645
None0,1201.0,998.0,0.00402843601896
None0,1201.0,999.0,0.000473933649289
None0,1201.0,1000.0,0.000236966824645
None0,1201.0,1002.0,0.000473933649289
None0,1201.0,1003.0,0.00284360189573
None0,1201.0,1004.0,0.000473933649289
None0,1201.0,1005.0,0.000473933649289
None0,1201.0,1007.0,0.00118483412322
None0,1201.0,1009.0,0.00189573459716
None0,1201.0,1010.0,0.000473933649289
None0,1201.0,1011.0,0.00142180094787
None0,1201.0,1012.0,0.000236966824645
None0,1201.0,1013.0,0.000473933649289
None0,1201.0,1014.0,0.000947867298578
None0,1201.0,1015.0,0.0130331753555
None0,1201.0,1016.0,0.000710900473934
None0,1201.0,1017.0,0.000236966824645
None0,1201.0,1018.0,0.000473933649289
None0,1201.0,1019.0,0.000236966824645
None0,1201.0,1020.0,0.000710900473934
None0,1201.0,1023.0,0.000236966824645
None0,1201.0,1025.0,0.00687203791469
None0,1201.0,1026.0,0.000236966824645
None0,1201.0,1027.0,0.00473933649289
None0,1201.0,1029.0,0.00142180094787
None0,1201.0,1030.0,0.000236966824645
None0,1201.0,1032.0,0.00118483412322
None0,1201.0,1035.0,0.000473933649289
None0,1201.0,1037.0,0.000236966824645
None0,1201.0,1041.0,0.000236966824645
None0,1201.0,1043.0,0.00521327014218
None0,1201.0,1044.0,0.000236966824645
None0,1201.0,1045.0,0.000710900473934
None0,1201.0,1046.0,0.00497630331754
None0,1201.0,1047.0,0.000473933649289
None0,1201.0,1048.0,0.000236966824645
None0,1201.0,1049.0,0.000947867298578
None0,1201.0,1050.0,0.000236966824645
None0,1201.0,1051.0,0.000947867298578
None0,1201.0,1052.0,0.000710900473934
None0,1201.0,1053.0,0.00331753554502
None0,1201.0,1054.0,0.000710900473934
None0,1201.0,1056.0,0.000710900473934
None0,1201.0,1058.0,0.00142180094787
None0,1201.0,1059.0,0.00308056872038
None0,1201.0,1060.0,0.000947867298578
None0,1201.0,1061.0,0.00165876777251
None0,1201.0,1064.0,0.000236966824645
None0,1201.0,1067.0,0.00142180094787
None0,1201.0,1068.0,0.0021327014218
None0,1201.0,1070.0,0.000947867298578
None0,1201.0,1071.0,0.000473933649289
None0,1201.0,1072.0,0.00142180094787
None0,1201.0,1074.0,0.00118483412322
None0,1201.0,1075.0,0.000947867298578
None0,1201.0,1076.0,0.000236966824645
None0,1201.0,1077.0,0.000710900473934
None0,1201.0,1078.0,0.000710900473934
None0,1201.0,1079.0,0.000236966824645
None0,1201.0,1080.0,0.000947867298578
None0,1201.0,1083.0,0.00284360189573
None0,1201.0,1084.0,0.00355450236967
None0,1201.0,1086.0,0.00118483412322
None0,1201.0,1090.0,0.00402843601896
None0,1201.0,1091.0,0.000947867298578
None0,1201.0,1092.0,0.00142180094787
None0,1201.0,1093.0,0.00284360189573
None0,1201.0,1094.0,0.000473933649289
None0,1201.0,1095.0,0.000710900473934
None0,1201.0,1096.0,0.00260663507109
None0,1201.0,1098.0,0.00355450236967
None0,1201.0,1102.0,0.000236966824645
None0,1201.0,1103.0,0.000236966824645
None0,1201.0,1104.0,0.000236966824645
None0,1201.0,1106.0,0.000236966824645
None0,1201.0,1107.0,0.000710900473934
None0,1201.0,1108.0,0.000236966824645
None0,1201.0,1114.0,0.000473933649289
None0,1201.0,1115.0,0.000236966824645
None0,1201.0,1116.0,0.000947867298578
None0,1201.0,1117.0,0.000473933649289
None0,1201.0,1118.0,0.000473933649289
None0,1201.0,1120.0,0.000947867298578
None0,1201.0,1124.0,0.000473933649289
None0,1201.0,1127.0,0.00165876777251
None0,1201.0,1128.0,0.000473933649289
None0,1201.0,1130.0,0.000710900473934
None0,1201.0,1132.0,0.000473933649289
None0,1201.0,1133.0,0.000473933649289
None0,1201.0,1134.0,0.00165876777251
None0,1201.0,1135.0,0.000236966824645
None0,1201.0,1137.0,0.0021327014218
None0,1201.0,1139.0,0.00118483412322
None0,1201.0,1140.0,0.000236966824645
None0,1201.0,1141.0,0.0021327014218
None0,1201.0,1142.0,0.000236966824645
None0,1201.0,1143.0,0.00165876777251
None0,1201.0,1144.0,0.00308056872038
None0,1201.0,1145.0,0.000236966824645
None0,1201.0,1146.0,0.00402843601896
None0,1201.0,1147.0,0.000236966824645
None0,1201.0,1148.0,0.000473933649289
None0,1201.0,1150.0,0.000710900473934
None0,1201.0,1153.0,0.000236966824645
None0,1201.0,1154.0,0.000473933649289
None0,1201.0,1155.0,0.000473933649289
None0,1201.0,1158.0,0.000947867298578
None0,1201.0,1159.0,0.000473933649289
None0,1201.0,1160.0,0.0113744075829
None0,1201.0,1161.0,0.000236966824645
None0,1201.0,1162.0,0.0085308056872
None0,1201.0,1164.0,0.000236966824645
None0,1201.0,1165.0,0.00710900473934
None0,1201.0,1166.0,0.000236966824645
None0,1201.0,1167.0,0.000947867298578
None0,1201.0,1168.0,0.00402843601896
None0,1201.0,1169.0,0.00165876777251
None0,1201.0,1172.0,0.000710900473934
None0,1201.0,1175.0,0.000236966824645
None0,1201.0,1177.0,0.00355450236967
None0,1201.0,1180.0,0.000710900473934
None0,1201.0,1181.0,0.00402843601896
None0,1201.0,1185.0,0.00142180094787
None0,1201.0,1186.0,0.00118483412322
None0,1201.0,1192.0,0.000710900473934
None0,1201.0,1194.0,0.000947867298578
None0,1201.0,1197.0,0.000947867298578
None0,1201.0,1199.0,0.0545023696682
None0,1201.0,1200.0,0.000710900473934
None0,1201.0,1203.0,0.000236966824645
None0,1201.0,1204.0,0.000473933649289
None0,1201.0,1205.0,0.000710900473934
None0,1201.0,1207.0,0.00118483412322
None0,1201.0,1209.0,0.000473933649289
None0,1201.0,1211.0,0.00355450236967
None0,1201.0,1213.0,0.000236966824645
None0,1201.0,1214.0,0.00331753554502
None0,1201.0,1215.0,0.000236966824645
None0,1201.0,1216.0,0.00521327014218
None0,1201.0,1219.0,0.000236966824645
None0,1201.0,1220.0,0.000473933649289
None0,1201.0,1222.0,0.000236966824645
None0,1201.0,1225.0,0.00355450236967
None0,1201.0,1228.0,0.0021327014218
None0,1201.0,1231.0,0.00118483412322
None0,1201.0,1233.0,0.000236966824645
None0,1201.0,1237.0,0.0042654028436
None0,1201.0,1239.0,0.00118483412322
None0,1201.0,1241.0,0.000236966824645
None0,1201.0,1242.0,0.000236966824645
None0,1201.0,1243.0,0.00165876777251
None0,1201.0,1245.0,0.0021327014218
None0,1201.0,1246.0,0.000947867298578
None0,1201.0,1247.0,0.00165876777251
None0,1201.0,1248.0,0.000236966824645
None0,1201.0,1249.0,0.000710900473934
None0,1201.0,1251.0,0.00663507109005
None0,1201.0,1252.0,0.00545023696682
None0,1201.0,1257.0,0.000947867298578
None0,1201.0,1259.0,0.000473933649289
None0,1201.0,1260.0,0.00142180094787
None0,1201.0,1267.0,0.000473933649289
None0,1201.0,1269.0,0.000473933649289
None0,1201.0,1270.0,0.000947867298578
None0,1201.0,1272.0,0.000236966824645
None0,1201.0,1274.0,0.00663507109005
None0,1201.0,1275.0,0.00118483412322
None0,1201.0,1276.0,0.000236966824645
None0,1201.0,1278.0,0.000236966824645
None0,1201.0,1279.0,0.000473933649289
None0,1201.0,1280.0,0.00189573459716
None0,1201.0,1282.0,0.000473933649289
None0,1201.0,1283.0,0.0021327014218
None0,1201.0,1284.0,0.00165876777251
None0,1201.0,1285.0,0.000473933649289
None0,1201.0,1286.0,0.000236966824645
None0,1201.0,1289.0,0.000473933649289
None0,1201.0,1290.0,0.000236966824645
None0,1201.0,1291.0,0.000236966824645
None0,1201.0,1295.0,0.000710900473934
None0,1201.0,1296.0,0.000473933649289
None0,1201.0,1298.0,0.000236966824645
None0,1201.0,1299.0,0.000236966824645
None0,1201.0,1301.0,0.000473933649289
None0,1201.0,1302.0,0.000473933649289
None0,1201.0,1305.0,0.000236966824645
None0,1201.0,1309.0,0.00189573459716
None0,1201.0,1311.0,0.000236966824645
None0,1201.0,1313.0,0.000236966824645
None0,1201.0,1316.0,0.00118483412322
None0,1201.0,1318.0,0.00165876777251
None0,1201.0,1320.0,0.000236966824645
None0,1201.0,1321.0,0.00142180094787
None0,1201.0,1323.0,0.000473933649289
None0,1201.0,1324.0,0.00236966824645
None0,1201.0,1327.0,0.000473933649289
None0,1201.0,1329.0,0.000236966824645
None0,1201.0,1330.0,0.00142180094787
None0,1201.0,1332.0,0.000947867298578
None0,1201.0,1333.0,0.00165876777251
None0,1201.0,1334.0,0.000473933649289
None0,1201.0,1338.0,0.000236966824645
None0,1201.0,1340.0,0.00687203791469
None0,1201.0,1341.0,0.00118483412322
None0,1201.0,1344.0,0.00118483412322
None0,1201.0,1349.0,0.000236966824645
None0,1201.0,1350.0,0.000473933649289
None0,1201.0,1353.0,0.00924170616114
None0,1201.0,1356.0,0.000236966824645
None0,1201.0,1357.0,0.000710900473934
None0,1201.0,1358.0,0.00118483412322
None0,1201.0,1360.0,0.0021327014218
None0,1201.0,1361.0,0.0021327014218
None0,1201.0,1364.0,0.000710900473934
None0,1201.0,1366.0,0.000473933649289
None0,1201.0,1367.0,0.00142180094787
None0,1201.0,1368.0,0.000473933649289
None0,1201.0,1369.0,0.000236966824645
None0,1201.0,1370.0,0.000236966824645
None0,1201.0,1372.0,0.000710900473934
None0,1201.0,1373.0,0.0118483412322
None0,1201.0,1374.0,0.000710900473934
None0,1201.0,1375.0,0.000236966824645
None0,1201.0,1377.0,0.000710900473934
None0,1201.0,1379.0,0.000710900473934
None0,1201.0,1381.0,0.00118483412322
None0,1201.0,1382.0,0.000710900473934
None0,1201.0,1383.0,0.000710900473934
None0,1201.0,1384.0,0.000710900473934
None0,1201.0,1385.0,0.000236966824645
None0,1201.0,1386.0,0.00497630331754
None0,1201.0,1387.0,0.000236966824645
None0,1201.0,1392.0,0.00592417061611
None0,1201.0,1395.0,0.000236966824645
None0,1201.0,1396.0,0.000473933649289
None0,1201.0,1401.0,0.000947867298578
None0,1201.0,1402.0,0.00189573459716
None0,1201.0,1403.0,0.00189573459716
None0,1201.0,1404.0,0.000236966824645
None0,1201.0,1406.0,0.000710900473934
None0,1201.0,1407.0,0.000236966824645
None0,1201.0,1408.0,0.000473933649289
None0,1201.0,1410.0,0.000473933649289
None0,1201.0,1412.0,0.000473933649289
None0,1201.0,1413.0,0.000236966824645
None0,1201.0,1414.0,0.000473933649289
None0,1201.0,1416.0,0.00260663507109
None0,1201.0,1418.0,0.000236966824645
None0,1201.0,1419.0,0.000473933649289
None0,1201.0,1420.0,0.00142180094787
None0,1201.0,1423.0,0.00473933649289
None0,1201.0,1425.0,0.000947867298578
None0,1201.0,1428.0,0.000236966824645
None0,1201.0,1429.0,0.000473933649289
None0,1201.0,1430.0,0.000236966824645
None0,1201.0,1431.0,0.000236966824645
None0,1201.0,1433.0,0.000473933649289
None0,1201.0,1434.0,0.0042654028436
None0,1201.0,1435.0,0.00236966824645
None0,1201.0,1436.0,0.00331753554502
None0,1201.0,1437.0,0.00308056872038
None0,1201.0,1439.0,0.000236966824645
None0,1201.0,1440.0,0.000236966824645
None0,1201.0,1442.0,0.000236966824645
None0,1201.0,1444.0,0.000236966824645
None0,1201.0,1447.0,0.000236966824645
None0,1201.0,1448.0,0.000236966824645
None0,1201.0,1449.0,0.000236966824645
None0,1201.0,1450.0,0.000236966824645
None0,1201.0,1454.0,0.000710900473934
None0,1201.0,1455.0,0.0021327014218
None0,1201.0,1457.0,0.000710900473934
None0,1201.0,1458.0,0.000710900473934
None0,1201.0,1459.0,0.000947867298578
None0,1201.0,1460.0,0.000473933649289
None0,1201.0,1462.0,0.00616113744076
None0,1201.0,1464.0,0.000236966824645
None0,1201.0,1465.0,0.000473933649289
None0,1201.0,1466.0,0.000473933649289
None0,1201.0,1468.0,0.000710900473934
None0,1201.0,1470.0,0.00189573459716
None0,1201.0,1472.0,0.0021327014218
None0,1201.0,1473.0,0.000236966824645
None0,1201.0,1475.0,0.00260663507109
None0,1201.0,1477.0,0.000236966824645
None0,1201.0,1478.0,0.000473933649289
None0,1201.0,1479.0,0.000236966824645
None0,1201.0,1481.0,0.000236966824645
None0,1201.0,1482.0,0.000236966824645
None0,1201.0,1483.0,0.0189573459716
None0,1201.0,1486.0,0.00118483412322
None0,1201.0,1487.0,0.000710900473934
None0,1201.0,1488.0,0.00165876777251
None0,1201.0,1489.0,0.000473933649289
None0,1201.0,1490.0,0.000236966824645
None0,1201.0,1492.0,0.00165876777251
None0,1201.0,1495.0,0.000236966824645
None0,1201.0,1496.0,0.000236966824645
None0,1201.0,1497.0,0.00971563981043
None0,1201.0,1498.0,0.00165876777251
None0,1201.0,1500.0,0.000473933649289
None0,1201.0,1502.0,0.000473933649289
None0,1201.0,1503.0,0.00450236966825
None0,1201.0,1504.0,0.000947867298578
None0,1201.0,1511.0,0.000473933649289
None0,1201.0,1514.0,0.00592417061611
None0,1201.0,1516.0,0.000236966824645
None0,1201.0,1517.0,0.000473933649289
None0,1201.0,1519.0,0.00758293838863
None0,1201.0,1520.0,0.00189573459716
None0,1201.0,1521.0,0.000236966824645
None0,1201.0,1522.0,0.000473933649289
None0,1201.0,1523.0,0.000947867298578
None0,1201.0,1525.0,0.000473933649289
None0,1201.0,1526.0,0.000236966824645
None0,1201.0,1530.0,0.000473933649289
None0,1201.0,1532.0,0.000236966824645
None0,1201.0,1535.0,0.000473933649289
None0,1201.0,1538.0,0.000236966824645
None0,1201.0,1540.0,0.00355450236967
None0,1201.0,1541.0,0.000473933649289
None0,1201.0,1542.0,0.000236966824645
None0,1201.0,1545.0,0.00497630331754
None0,1201.0,1547.0,0.000473933649289
None0,1201.0,1550.0,0.000473933649289
None0,1201.0,1551.0,0.000236966824645
None0,1201.0,1554.0,0.000947867298578
None0,1201.0,1557.0,0.000947867298578
None0,1201.0,1558.0,0.000236966824645
None0,1201.0,1559.0,0.00189573459716
None0,1201.0,1560.0,0.00118483412322
None0,1201.0,1561.0,0.000710900473934
None0,1201.0,1562.0,0.000473933649289
None0,1201.0,1563.0,0.00165876777251
None0,1201.0,1565.0,0.000473933649289
None0,1201.0,1566.0,0.000710900473934
None0,1201.0,1568.0,0.00165876777251
None0,1201.0,1570.0,0.00971563981043
None0,1201.0,1571.0,0.0293838862559
None0,1201.0,1572.0,0.00165876777251
None0,1201.0,1573.0,0.000236966824645
None0,1201.0,1574.0,0.000473933649289
None0,1201.0,1576.0,0.000710900473934
None0,1201.0,1579.0,0.000236966824645
None0,1201.0,1580.0,0.00308056872038
None0,1201.0,1581.0,0.000236966824645
None0,1201.0,1582.0,0.000236966824645
None0,1201.0,1586.0,0.00260663507109
None0,1201.0,1588.0,0.000473933649289
None0,1201.0,1589.0,0.000236966824645
None0,1201.0,1593.0,0.00118483412322
None0,1201.0,1595.0,0.000947867298578
None0,1201.0,1597.0,0.00829383886256
None0,1201.0,1599.0,0.00189573459716
None0,1201.0,1600.0,0.000710900473934
None0,1201.0,1603.0,0.000236966824645
None0,1201.0,1604.0,0.00142180094787
None0,1201.0,1605.0,0.00142180094787
None0,1201.0,1606.0,0.000236966824645
None0,1201.0,1611.0,0.000236966824645
None0,1201.0,1613.0,0.000236966824645
None0,1201.0,1615.0,0.000710900473934
None0,1201.0,1616.0,0.000236966824645
None0,1201.0,1617.0,0.000236966824645
None0,1201.0,1618.0,0.000236966824645
None0,1201.0,1621.0,0.00260663507109
None0,1201.0,1622.0,0.000710900473934
None0,1201.0,1623.0,0.000473933649289
None0,1201.0,1625.0,0.000947867298578
None0,1201.0,1626.0,0.000236966824645
None0,1201.0,1627.0,0.00189573459716
None0,1201.0,1628.0,0.00284360189573
None0,1201.0,1630.0,0.000236966824645
None0,1201.0,1631.0,0.00118483412322
None0,1201.0,1633.0,0.00142180094787
None0,1201.0,1634.0,0.0021327014218
None0,1201.0,1637.0,0.000473933649289
None0,1201.0,1638.0,0.00308056872038
None0,1201.0,1639.0,0.000473933649289
None0,1201.0,1640.0,0.00189573459716
None0,1201.0,1649.0,0.000473933649289
None0,1201.0,1651.0,0.0042654028436
None0,1201.0,1654.0,0.000236966824645
None0,1201.0,1655.0,0.00189573459716
None0,1201.0,1656.0,0.00236966824645
None0,1201.0,1660.0,0.00284360189573
None0,1201.0,1662.0,0.000473933649289
None0,1201.0,1663.0,0.000236966824645
None0,1201.0,1664.0,0.000947867298578
None0,1201.0,1665.0,0.000710900473934
None0,1201.0,1666.0,0.000473933649289
None0,1201.0,1669.0,0.000236966824645
None0,1201.0,1671.0,0.000710900473934
None0,1201.0,1676.0,0.000710900473934
None0,1201.0,1678.0,0.000473933649289
None0,1201.0,1682.0,0.00142180094787
None0,1201.0,1685.0,0.00236966824645
None0,1201.0,1688.0,0.000947867298578
None0,1201.0,1691.0,0.00189573459716
None0,1201.0,1693.0,0.000473933649289
None0,1201.0,1695.0,0.000236966824645
None0,1201.0,1696.0,0.000236966824645
None0,1201.0,1697.0,0.000710900473934
None0,1201.0,1698.0,0.00355450236967
None0,1201.0,1699.0,0.000710900473934
None0,1201.0,1700.0,0.000473933649289
None0,1201.0,1701.0,0.000236966824645
None0,1201.0,1702.0,0.0279620853081
None0,1201.0,1703.0,0.000236966824645
None0,1201.0,1704.0,0.00308056872038
None0,1201.0,1705.0,0.000947867298578
None0,1201.0,1708.0,0.00189573459716
None0,1201.0,1709.0,0.000236966824645
None0,1201.0,1710.0,0.00876777251185
None0,1201.0,1711.0,0.000236966824645
None0,1201.0,1712.0,0.000947867298578
None0,1201.0,1714.0,0.000236966824645
None0,1201.0,1715.0,0.000710900473934
None0,1201.0,1716.0,0.00781990521327
None0,1201.0,1717.0,0.000473933649289
None0,1201.0,1718.0,0.000236966824645
None0,1201.0,1719.0,0.00165876777251
None0,1201.0,1721.0,0.000236966824645
None0,1201.0,1723.0,0.000473933649289
None0,1201.0,1724.0,0.0021327014218
None0,1201.0,1727.0,0.00142180094787
None0,1201.0,1728.0,0.000236966824645
None0,1201.0,1732.0,0.000236966824645
None0,1201.0,1733.0,0.000473933649289
None0,1201.0,1735.0,0.00236966824645
None0,1201.0,1737.0,0.00450236966825
None0,1201.0,1739.0,0.000947867298578
None0,1201.0,1740.0,0.00308056872038
None0,1201.0,1741.0,0.000473933649289
None0,1201.0,1742.0,0.00118483412322
None0,1201.0,1744.0,0.000236966824645
None0,1201.0,1746.0,0.00189573459716
None0,1201.0,1748.0,0.000236966824645
None0,1201.0,1749.0,0.00995260663507
None0,1201.0,1751.0,0.00355450236967
None0,1201.0,1752.0,0.00165876777251
None0,1201.0,1755.0,0.00473933649289
None0,1201.0,1756.0,0.00260663507109
None0,1201.0,1757.0,0.00189573459716
None0,1201.0,1758.0,0.000947867298578
None0,1201.0,1762.0,0.00189573459716
None0,1201.0,1763.0,0.000236966824645
None0,1201.0,1764.0,0.00142180094787
None0,1201.0,1765.0,0.000236966824645
None0,1201.0,1766.0,0.0042654028436
None0,1201.0,1767.0,0.000473933649289
None0,1201.0,1769.0,0.00308056872038
None0,1201.0,1771.0,0.000236966824645
None0,1201.0,1773.0,0.000236966824645
None0,1201.0,1775.0,0.00473933649289
None0,1201.0,1776.0,0.00118483412322
None0,1201.0,1778.0,0.000236966824645
None0,1201.0,1779.0,0.00473933649289
None0,1201.0,1783.0,0.00189573459716
None0,1201.0,1784.0,0.00284360189573
None0,1201.0,1785.0,0.000236966824645
None0,1201.0,1786.0,0.00236966824645
None0,1201.0,1788.0,0.000236966824645
None0,1201.0,1790.0,0.000473933649289
None0,1201.0,1793.0,0.00142180094787
None0,1201.0,1795.0,0.000236966824645
None0,1201.0,1796.0,0.000710900473934
None0,1201.0,1797.0,0.00118483412322
None0,1201.0,1798.0,0.000473933649289
None0,1201.0,1799.0,0.000710900473934
None0,1201.0,1802.0,0.00118483412322
None0,1201.0,1805.0,0.000947867298578
None0,1201.0,1807.0,0.000710900473934
None0,1201.0,1809.0,0.00142180094787
None0,1201.0,1810.0,0.000473933649289
None0,1201.0,1812.0,0.00308056872038
None0,1201.0,1814.0,0.000473933649289
None0,1201.0,1816.0,0.000236966824645
None0,1201.0,1817.0,0.00142180094787
None0,1201.0,1818.0,0.00947867298578
None0,1201.0,1821.0,0.000473933649289
None0,1201.0,1822.0,0.00379146919431
None0,1201.0,1823.0,0.00260663507109
None0,1201.0,1824.0,0.000473933649289
None0,1201.0,1825.0,0.000947867298578
None0,1201.0,1826.0,0.000710900473934
None0,1201.0,1827.0,0.000947867298578
None0,1201.0,1829.0,0.000710900473934
None0,1201.0,1832.0,0.000473933649289
None0,1201.0,1833.0,0.00189573459716
None0,1201.0,1834.0,0.000710900473934
None0,1201.0,1836.0,0.000473933649289
None0,1201.0,1842.0,0.000710900473934
None0,1201.0,1843.0,0.00142180094787
None0,1201.0,1846.0,0.00189573459716
None0,1201.0,1847.0,0.000947867298578
None0,1201.0,1849.0,0.000473933649289
None0,1201.0,1850.0,0.000473933649289
None0,1201.0,1851.0,0.00284360189573
None0,1201.0,1853.0,0.000473933649289
None0,1201.0,1854.0,0.00284360189573
None0,1201.0,1855.0,0.00118483412322
None0,1201.0,1858.0,0.000947867298578
None0,1201.0,1860.0,0.000236966824645
None0,1201.0,1861.0,0.00165876777251
None0,1201.0,1868.0,0.000947867298578
None0,1201.0,1870.0,0.000236966824645
None0,1201.0,1871.0,0.00331753554502
None0,1201.0,1872.0,0.000236966824645
None0,1201.0,1873.0,0.000710900473934
None0,1201.0,1874.0,0.000236966824645
None0,1201.0,1879.0,0.000947867298578
None0,1201.0,1880.0,0.000710900473934
None0,1201.0,1882.0,0.000236966824645
None0,1201.0,1884.0,0.000947867298578
None0,1201.0,1887.0,0.000473933649289
None0,1201.0,1888.0,0.0021327014218
None0,1201.0,1890.0,0.00402843601896
None0,1201.0,1891.0,0.000236966824645
None0,1201.0,1894.0,0.000236966824645
None0,1201.0,1896.0,0.000236966824645
None0,1201.0,1897.0,0.00118483412322
None0,1201.0,1899.0,0.00995260663507
None0,1201.0,1901.0,0.00592417061611
None0,1201.0,1904.0,0.000710900473934
None0,1201.0,1908.0,0.000236966824645
None0,1201.0,1909.0,0.000236966824645
None0,1201.0,1910.0,0.000236966824645
None0,1201.0,1911.0,0.000473933649289
None0,1201.0,1913.0,0.000710900473934
None0,1201.0,1914.0,0.000236966824645
None0,1201.0,1915.0,0.000236966824645
None0,1201.0,1916.0,0.000236966824645
None0,1201.0,1919.0,0.000236966824645
None0,1201.0,1922.0,0.000236966824645
None0,1201.0,1923.0,0.000710900473934
None0,1201.0,1924.0,0.000236966824645
None0,1201.0,1925.0,0.000947867298578
None0,1201.0,1926.0,0.00308056872038
None0,1201.0,1928.0,0.000473933649289
None0,1201.0,1933.0,0.000236966824645
None0,1201.0,1934.0,0.00189573459716
None0,1201.0,1936.0,0.000236966824645
None0,1201.0,1937.0,0.000473933649289
None0,1201.0,1943.0,0.00284360189573
None0,1201.0,1944.0,0.00331753554502
None0,1201.0,1946.0,0.000236966824645
None0,1201.0,1947.0,0.00260663507109
None0,1201.0,1948.0,0.000473933649289
None0,1201.0,1952.0,0.00142180094787
None0,1201.0,1953.0,0.000473933649289
None0,1201.0,1955.0,0.00118483412322
None0,1201.0,1957.0,0.00189573459716
None0,1201.0,1959.0,0.00781990521327
None0,1201.0,1960.0,0.000236966824645
None0,1201.0,1961.0,0.0127962085308
None0,1201.0,1963.0,0.000236966824645
None0,1201.0,1964.0,0.00568720379147
None0,1201.0,1966.0,0.00236966824645
None0,1201.0,1971.0,0.00118483412322
None0,1201.0,1972.0,0.00284360189573
None0,1201.0,1973.0,0.000236966824645
None0,1201.0,1975.0,0.000947867298578
None0,1201.0,1976.0,0.000236966824645
None0,1201.0,1977.0,0.00900473933649
None0,1201.0,1979.0,0.000236966824645
None0,1201.0,1981.0,0.000236966824645
None0,1201.0,1982.0,0.000236966824645
None0,1201.0,1983.0,0.00189573459716
None0,1201.0,1985.0,0.000236966824645
None0,1201.0,1986.0,0.000236966824645
None0,1201.0,1988.0,0.000236966824645
None0,1201.0,1990.0,0.00545023696682
None0,1201.0,1991.0,0.000710900473934
None0,1201.0,1993.0,0.000236966824645
None0,1201.0,1994.0,0.00118483412322
None0,1201.0,1995.0,0.000236966824645
None0,1201.0,1998.0,0.000947867298578
None0,1201.0,1999.0,0.000947867298578
None0,1202.0,0.0,0.00288065843621
None0,1202.0,3.0,0.00452674897119
None0,1202.0,4.0,0.00164609053498
None0,1202.0,5.0,0.00246913580247
None0,1202.0,12.0,0.00864197530864
None0,1202.0,13.0,0.0119341563786
None0,1202.0,15.0,0.00082304526749
None0,1202.0,16.0,0.000411522633745
None0,1202.0,23.0,0.000411522633745
None0,1202.0,24.0,0.00493827160494
None0,1202.0,26.0,0.000411522633745
None0,1202.0,27.0,0.0181069958848
None0,1202.0,28.0,0.00905349794239
None0,1202.0,29.0,0.00411522633745
None0,1202.0,30.0,0.00740740740741
None0,1202.0,33.0,0.00946502057613
None0,1202.0,34.0,0.000411522633745
None0,1202.0,35.0,0.00288065843621
None0,1202.0,37.0,0.000411522633745
None0,1202.0,38.0,0.0156378600823
None0,1202.0,39.0,0.00617283950617
None0,1202.0,40.0,0.0037037037037
None0,1202.0,41.0,0.00123456790123
None0,1202.0,42.0,0.00246913580247
None0,1202.0,46.0,0.00205761316872
None0,1202.0,47.0,0.000411522633745
None0,1202.0,48.0,0.000411522633745
None0,1202.0,49.0,0.00246913580247
None0,1202.0,51.0,0.00082304526749
None0,1202.0,52.0,0.00205761316872
None0,1202.0,55.0,0.00123456790123
None0,1202.0,56.0,0.00123456790123
None0,1202.0,58.0,0.00082304526749
None0,1202.0,59.0,0.00123456790123
None0,1202.0,60.0,0.00205761316872
None0,1202.0,61.0,0.000411522633745
None0,1202.0,62.0,0.00123456790123
None0,1202.0,63.0,0.00329218106996
None0,1202.0,64.0,0.000411522633745
None0,1202.0,65.0,0.000411522633745
None0,1202.0,66.0,0.00205761316872
None0,1202.0,67.0,0.00205761316872
None0,1202.0,68.0,0.00082304526749
None0,1202.0,69.0,0.00329218106996
None0,1202.0,74.0,0.00164609053498
None0,1202.0,76.0,0.000411522633745
None0,1202.0,77.0,0.000411522633745
None0,1202.0,78.0,0.000411522633745
None0,1202.0,83.0,0.000411522633745
None0,1202.0,85.0,0.000411522633745
None0,1202.0,89.0,0.00082304526749
None0,1202.0,91.0,0.00205761316872
None0,1202.0,94.0,0.00205761316872
None0,1202.0,103.0,0.00082304526749
None0,1202.0,105.0,0.000411522633745
None0,1202.0,106.0,0.00123456790123
None0,1202.0,108.0,0.000411522633745
None0,1202.0,110.0,0.000411522633745
None0,1202.0,115.0,0.000411522633745
None0,1202.0,117.0,0.00205761316872
None0,1202.0,119.0,0.00082304526749
None0,1202.0,121.0,0.000411522633745
None0,1202.0,125.0,0.000411522633745
None0,1202.0,128.0,0.00411522633745
None0,1202.0,139.0,0.00164609053498
None0,1202.0,140.0,0.00205761316872
None0,1202.0,141.0,0.00082304526749
None0,1202.0,148.0,0.00082304526749
None0,1202.0,154.0,0.00123456790123
None0,1202.0,155.0,0.000411522633745
None0,1202.0,157.0,0.000411522633745
None0,1202.0,159.0,0.00082304526749
None0,1202.0,168.0,0.00082304526749
None0,1202.0,169.0,0.00082304526749
None0,1202.0,176.0,0.000411522633745
None0,1202.0,177.0,0.041975308642
None0,1202.0,178.0,0.00699588477366
None0,1202.0,179.0,0.000411522633745
None0,1202.0,180.0,0.000411522633745
None0,1202.0,182.0,0.00082304526749
None0,1202.0,184.0,0.000411522633745
None0,1202.0,185.0,0.00164609053498
None0,1202.0,186.0,0.00123456790123
None0,1202.0,187.0,0.00576131687243
None0,1202.0,189.0,0.00205761316872
None0,1202.0,190.0,0.00082304526749
None0,1202.0,191.0,0.0037037037037
None0,1202.0,192.0,0.00123456790123
None0,1202.0,193.0,0.000411522633745
None0,1202.0,194.0,0.00658436213992
None0,1202.0,195.0,0.00123456790123
None0,1202.0,198.0,0.00987654320988
None0,1202.0,199.0,0.00082304526749
None0,1202.0,200.0,0.00123456790123
None0,1202.0,201.0,0.00658436213992
None0,1202.0,203.0,0.000411522633745
None0,1202.0,204.0,0.00082304526749
None0,1202.0,205.0,0.00082304526749
None0,1202.0,217.0,0.000411522633745
None0,1202.0,227.0,0.00123456790123
None0,1202.0,228.0,0.00534979423868
None0,1202.0,229.0,0.00082304526749
None0,1202.0,230.0,0.00123456790123
None0,1202.0,231.0,0.00246913580247
None0,1202.0,232.0,0.00082304526749
None0,1202.0,237.0,0.00123456790123
None0,1202.0,238.0,0.00164609053498
None0,1202.0,239.0,0.000411522633745
None0,1202.0,241.0,0.00123456790123
None0,1202.0,244.0,0.00205761316872
None0,1202.0,245.0,0.00164609053498
None0,1202.0,246.0,0.00082304526749
None0,1202.0,247.0,0.00781893004115
None0,1202.0,249.0,0.0135802469136
None0,1202.0,250.0,0.00288065843621
None0,1202.0,251.0,0.0185185185185
None0,1202.0,252.0,0.00246913580247
None0,1202.0,254.0,0.00123456790123
None0,1202.0,255.0,0.00082304526749
None0,1202.0,258.0,0.00617283950617
None0,1202.0,259.0,0.00123456790123
None0,1202.0,261.0,0.00329218106996
None0,1202.0,266.0,0.00082304526749
None0,1202.0,270.0,0.00658436213992
None0,1202.0,271.0,0.000411522633745
None0,1202.0,276.0,0.00123456790123
None0,1202.0,286.0,0.0251028806584
None0,1202.0,288.0,0.00082304526749
None0,1202.0,290.0,0.00082304526749
None0,1202.0,291.0,0.00946502057613
None0,1202.0,297.0,0.000411522633745
None0,1202.0,298.0,0.000411522633745
None0,1202.0,301.0,0.00781893004115
None0,1202.0,304.0,0.00411522633745
None0,1202.0,308.0,0.000411522633745
None0,1202.0,309.0,0.00534979423868
None0,1202.0,310.0,0.0156378600823
None0,1202.0,313.0,0.00329218106996
None0,1202.0,314.0,0.00288065843621
None0,1202.0,315.0,0.00082304526749
None0,1202.0,317.0,0.00288065843621
None0,1202.0,319.0,0.00740740740741
None0,1202.0,324.0,0.00082304526749
None0,1202.0,325.0,0.000411522633745
None0,1202.0,327.0,0.00123456790123
None0,1202.0,331.0,0.000411522633745
None0,1202.0,332.0,0.00123456790123
None0,1202.0,333.0,0.00082304526749
None0,1202.0,337.0,0.000411522633745
None0,1202.0,338.0,0.00082304526749
None0,1202.0,339.0,0.000411522633745
None0,1202.0,340.0,0.000411522633745
None0,1202.0,346.0,0.00123456790123
None0,1202.0,347.0,0.00246913580247
None0,1202.0,348.0,0.000411522633745
None0,1202.0,360.0,0.00082304526749
None0,1202.0,362.0,0.000411522633745
None0,1202.0,364.0,0.00740740740741
None0,1202.0,365.0,0.00864197530864
None0,1202.0,367.0,0.00164609053498
None0,1202.0,369.0,0.0115226337449
None0,1202.0,370.0,0.00411522633745
None0,1202.0,371.0,0.00452674897119
None0,1202.0,372.0,0.00082304526749
None0,1202.0,377.0,0.000411522633745
None0,1202.0,378.0,0.0111111111111
None0,1202.0,379.0,0.00082304526749
None0,1202.0,380.0,0.00246913580247
None0,1202.0,381.0,0.00082304526749
None0,1202.0,382.0,0.00658436213992
None0,1202.0,383.0,0.00781893004115
None0,1202.0,386.0,0.00082304526749
None0,1202.0,387.0,0.00082304526749
None0,1202.0,390.0,0.00658436213992
None0,1202.0,391.0,0.00082304526749
None0,1202.0,393.0,0.000411522633745
None0,1202.0,394.0,0.0131687242798
None0,1202.0,398.0,0.00699588477366
None0,1202.0,403.0,0.00246913580247
None0,1202.0,407.0,0.000411522633745
None0,1202.0,409.0,0.00082304526749
None0,1202.0,411.0,0.00082304526749
None0,1202.0,415.0,0.00534979423868
None0,1202.0,417.0,0.00288065843621
None0,1202.0,419.0,0.000411522633745
None0,1202.0,420.0,0.00123456790123
None0,1202.0,424.0,0.00164609053498
None0,1202.0,425.0,0.00082304526749
None0,1202.0,427.0,0.000411522633745
None0,1202.0,429.0,0.00411522633745
None0,1202.0,432.0,0.00411522633745
None0,1202.0,437.0,0.00205761316872
None0,1202.0,439.0,0.0139917695473
None0,1202.0,440.0,0.000411522633745
None0,1202.0,442.0,0.00452674897119
None0,1202.0,445.0,0.00082304526749
None0,1202.0,446.0,0.00123456790123
None0,1202.0,450.0,0.00205761316872
None0,1202.0,451.0,0.00082304526749
None0,1202.0,453.0,0.00493827160494
None0,1202.0,454.0,0.00288065843621
None0,1202.0,457.0,0.00576131687243
None0,1202.0,458.0,0.000411522633745
None0,1202.0,459.0,0.00082304526749
None0,1202.0,460.0,0.00205761316872
None0,1202.0,462.0,0.00452674897119
None0,1202.0,465.0,0.00082304526749
None0,1202.0,466.0,0.000411522633745
None0,1202.0,467.0,0.00617283950617
None0,1202.0,468.0,0.000411522633745
None0,1202.0,472.0,0.000411522633745
None0,1202.0,473.0,0.00205761316872
None0,1202.0,478.0,0.00411522633745
None0,1202.0,480.0,0.00123456790123
None0,1202.0,481.0,0.000411522633745
None0,1202.0,482.0,0.000411522633745
None0,1202.0,483.0,0.00288065843621
None0,1202.0,484.0,0.00082304526749
None0,1202.0,488.0,0.00246913580247
None0,1202.0,489.0,0.00164609053498
None0,1202.0,490.0,0.00329218106996
None0,1202.0,495.0,0.00493827160494
None0,1202.0,496.0,0.00123456790123
None0,1202.0,499.0,0.00123456790123
None0,1202.0,501.0,0.00082304526749
None0,1202.0,502.0,0.00082304526749
None0,1202.0,504.0,0.00164609053498
None0,1202.0,505.0,0.00864197530864
None0,1202.0,506.0,0.0259259259259
None0,1202.0,509.0,0.00946502057613
None0,1202.0,510.0,0.000411522633745
None0,1202.0,511.0,0.000411522633745
None0,1202.0,512.0,0.00082304526749
None0,1202.0,515.0,0.00082304526749
None0,1202.0,516.0,0.00164609053498
None0,1202.0,517.0,0.00246913580247
None0,1202.0,520.0,0.00082304526749
None0,1202.0,523.0,0.00329218106996
None0,1202.0,526.0,0.00411522633745
None0,1202.0,528.0,0.000411522633745
None0,1202.0,531.0,0.00246913580247
None0,1202.0,532.0,0.000411522633745
None0,1202.0,533.0,0.0144032921811
None0,1202.0,538.0,0.000411522633745
None0,1202.0,545.0,0.00246913580247
None0,1202.0,546.0,0.00452674897119
None0,1202.0,552.0,0.00205761316872
None0,1202.0,553.0,0.0164609053498
None0,1202.0,554.0,0.00452674897119
None0,1202.0,555.0,0.00082304526749
None0,1202.0,557.0,0.0037037037037
None0,1202.0,564.0,0.00576131687243
None0,1202.0,565.0,0.000411522633745
None0,1202.0,568.0,0.00123456790123
None0,1202.0,571.0,0.000411522633745
None0,1202.0,572.0,0.00452674897119
None0,1202.0,574.0,0.000411522633745
None0,1202.0,575.0,0.00082304526749
None0,1202.0,576.0,0.000411522633745
None0,1202.0,577.0,0.00288065843621
None0,1202.0,580.0,0.00164609053498
None0,1202.0,581.0,0.000411522633745
None0,1202.0,582.0,0.00411522633745
None0,1202.0,583.0,0.000411522633745
None0,1202.0,587.0,0.00082304526749
None0,1202.0,588.0,0.00164609053498
None0,1202.0,596.0,0.000411522633745
None0,1202.0,598.0,0.000411522633745
None0,1202.0,599.0,0.00164609053498
None0,1202.0,602.0,0.00452674897119
None0,1202.0,603.0,0.00123456790123
None0,1202.0,604.0,0.00164609053498
None0,1202.0,606.0,0.0127572016461
None0,1202.0,608.0,0.00205761316872
None0,1202.0,609.0,0.000411522633745
None0,1202.0,612.0,0.000411522633745
None0,1202.0,613.0,0.00246913580247
None0,1202.0,615.0,0.000411522633745
None0,1202.0,616.0,0.00534979423868
None0,1202.0,620.0,0.000411522633745
None0,1202.0,621.0,0.00164609053498
None0,1202.0,622.0,0.00082304526749
None0,1202.0,623.0,0.00123456790123
None0,1202.0,625.0,0.000411522633745
None0,1202.0,626.0,0.000411522633745
None0,1202.0,629.0,0.00123456790123
None0,1202.0,630.0,0.00164609053498
None0,1202.0,631.0,0.00082304526749
None0,1202.0,632.0,0.000411522633745
None0,1202.0,633.0,0.000411522633745
None0,1202.0,635.0,0.00288065843621
None0,1202.0,636.0,0.000411522633745
None0,1202.0,637.0,0.00164609053498
None0,1202.0,638.0,0.00246913580247
None0,1202.0,640.0,0.00082304526749
None0,1202.0,645.0,0.00576131687243
None0,1202.0,647.0,0.000411522633745
None0,1202.0,649.0,0.00123456790123
None0,1202.0,650.0,0.00164609053498
None0,1202.0,651.0,0.00082304526749
None0,1202.0,654.0,0.000411522633745
None0,1202.0,657.0,0.00123456790123
None0,1202.0,660.0,0.000411522633745
None0,1202.0,662.0,0.000411522633745
None0,1202.0,664.0,0.000411522633745
None0,1202.0,665.0,0.0267489711934
None0,1202.0,666.0,0.000411522633745
None0,1202.0,667.0,0.00082304526749
None0,1202.0,671.0,0.000411522633745
None0,1202.0,677.0,0.000411522633745
None0,1202.0,680.0,0.000411522633745
None0,1202.0,681.0,0.0115226337449
None0,1202.0,683.0,0.000411522633745
None0,1202.0,688.0,0.00082304526749
None0,1202.0,689.0,0.000411522633745
None0,1202.0,691.0,0.00576131687243
None0,1202.0,692.0,0.00082304526749
None0,1202.0,693.0,0.000411522633745
None0,1202.0,694.0,0.000411522633745
None0,1202.0,695.0,0.00123456790123
None0,1202.0,696.0,0.000411522633745
None0,1202.0,699.0,0.000411522633745
None0,1202.0,704.0,0.00658436213992
None0,1202.0,712.0,0.00123456790123
None0,1202.0,717.0,0.000411522633745
None0,1202.0,718.0,0.00164609053498
None0,1202.0,720.0,0.000411522633745
None0,1202.0,722.0,0.00082304526749
None0,1202.0,724.0,0.00123456790123
None0,1202.0,725.0,0.00123456790123
None0,1202.0,726.0,0.00164609053498
None0,1202.0,727.0,0.00246913580247
None0,1202.0,728.0,0.0037037037037
None0,1202.0,729.0,0.00205761316872
None0,1202.0,734.0,0.00205761316872
None0,1202.0,735.0,0.0111111111111
None0,1202.0,737.0,0.000411522633745
None0,1202.0,739.0,0.00205761316872
None0,1202.0,740.0,0.000411522633745
None0,1202.0,741.0,0.00082304526749
None0,1202.0,743.0,0.000411522633745
None0,1202.0,745.0,0.000411522633745
None0,1202.0,746.0,0.000411522633745
None0,1202.0,747.0,0.00658436213992
None0,1202.0,748.0,0.000411522633745
None0,1202.0,751.0,0.00205761316872
None0,1202.0,753.0,0.00123456790123
None0,1202.0,754.0,0.00123456790123
None0,1202.0,762.0,0.000411522633745
None0,1202.0,765.0,0.00164609053498
None0,1202.0,766.0,0.00082304526749
None0,1202.0,767.0,0.00164609053498
None0,1202.0,768.0,0.00164609053498
None0,1202.0,769.0,0.00411522633745
None0,1202.0,770.0,0.00329218106996
None0,1202.0,771.0,0.000411522633745
None0,1202.0,775.0,0.00534979423868
None0,1202.0,776.0,0.00123456790123
None0,1202.0,778.0,0.000411522633745
None0,1202.0,780.0,0.0037037037037
None0,1202.0,783.0,0.00123456790123
None0,1202.0,785.0,0.00082304526749
None0,1202.0,787.0,0.00205761316872
None0,1202.0,789.0,0.00493827160494
None0,1202.0,792.0,0.00946502057613
None0,1202.0,793.0,0.00123456790123
None0,1202.0,794.0,0.00123456790123
None0,1202.0,795.0,0.00205761316872
None0,1202.0,796.0,0.000411522633745
None0,1202.0,800.0,0.00658436213992
None0,1202.0,801.0,0.00082304526749
None0,1202.0,802.0,0.000411522633745
None0,1202.0,804.0,0.00123456790123
None0,1202.0,805.0,0.00082304526749
None0,1202.0,807.0,0.00205761316872
None0,1202.0,808.0,0.000411522633745
None0,1202.0,812.0,0.00164609053498
None0,1202.0,816.0,0.00411522633745
None0,1202.0,817.0,0.00288065843621
None0,1202.0,820.0,0.000411522633745
None0,1202.0,822.0,0.00082304526749
None0,1202.0,823.0,0.00205761316872
None0,1202.0,824.0,0.000411522633745
None0,1202.0,825.0,0.00617283950617
None0,1202.0,826.0,0.000411522633745
None0,1202.0,827.0,0.00205761316872
None0,1202.0,828.0,0.00082304526749
None0,1202.0,830.0,0.00164609053498
None0,1202.0,834.0,0.00123456790123
None0,1202.0,836.0,0.000411522633745
None0,1202.0,837.0,0.000411522633745
None0,1202.0,839.0,0.00905349794239
None0,1202.0,841.0,0.000411522633745
None0,1202.0,843.0,0.00123456790123
None0,1202.0,847.0,0.00246913580247
None0,1202.0,848.0,0.00946502057613
None0,1202.0,852.0,0.000411522633745
None0,1202.0,853.0,0.00164609053498
None0,1202.0,855.0,0.000411522633745
None0,1202.0,856.0,0.000411522633745
None0,1202.0,857.0,0.00534979423868
None0,1202.0,858.0,0.000411522633745
None0,1202.0,860.0,0.00123456790123
None0,1202.0,861.0,0.000411522633745
None0,1202.0,862.0,0.00576131687243
None0,1202.0,863.0,0.00329218106996
None0,1202.0,864.0,0.00329218106996
None0,1202.0,867.0,0.0037037037037
None0,1202.0,868.0,0.00164609053498
None0,1202.0,870.0,0.00452674897119
None0,1202.0,879.0,0.000411522633745
None0,1202.0,881.0,0.000411522633745
None0,1202.0,882.0,0.000411522633745
None0,1202.0,883.0,0.00082304526749
None0,1202.0,885.0,0.00576131687243
None0,1202.0,886.0,0.000411522633745
None0,1202.0,887.0,0.00534979423868
None0,1202.0,888.0,0.000411522633745
None0,1202.0,889.0,0.000411522633745
None0,1202.0,893.0,0.000411522633745
None0,1202.0,894.0,0.00082304526749
None0,1202.0,895.0,0.0131687242798
None0,1202.0,897.0,0.00205761316872
None0,1202.0,898.0,0.00082304526749
None0,1202.0,900.0,0.000411522633745
None0,1202.0,905.0,0.000411522633745
None0,1202.0,907.0,0.000411522633745
None0,1202.0,908.0,0.00082304526749
None0,1202.0,909.0,0.00082304526749
None0,1202.0,913.0,0.00288065843621
None0,1202.0,916.0,0.00082304526749
None0,1202.0,918.0,0.00082304526749
None0,1202.0,919.0,0.00164609053498
None0,1202.0,921.0,0.000411522633745
None0,1202.0,923.0,0.00123456790123
None0,1202.0,932.0,0.00082304526749
None0,1202.0,933.0,0.00164609053498
None0,1202.0,934.0,0.000411522633745
None0,1202.0,935.0,0.00123456790123
None0,1202.0,938.0,0.000411522633745
None0,1202.0,939.0,0.000411522633745
None0,1202.0,940.0,0.00246913580247
None0,1202.0,941.0,0.00205761316872
None0,1202.0,944.0,0.00699588477366
None0,1202.0,946.0,0.00123456790123
None0,1202.0,948.0,0.00452674897119
None0,1202.0,951.0,0.000411522633745
None0,1202.0,952.0,0.00411522633745
None0,1202.0,953.0,0.000411522633745
None0,1202.0,954.0,0.00452674897119
None0,1202.0,957.0,0.00205761316872
None0,1202.0,958.0,0.00082304526749
None0,1202.0,959.0,0.000411522633745
None0,1202.0,961.0,0.00082304526749
None0,1202.0,964.0,0.00617283950617
None0,1202.0,966.0,0.0469135802469
None0,1202.0,969.0,0.00082304526749
None0,1202.0,973.0,0.000411522633745
None0,1202.0,975.0,0.00123456790123
None0,1202.0,978.0,0.0037037037037
None0,1202.0,982.0,0.000411522633745
None0,1202.0,983.0,0.00164609053498
None0,1202.0,986.0,0.00082304526749
None0,1202.0,988.0,0.000411522633745
None0,1202.0,989.0,0.00123456790123
None0,1202.0,990.0,0.00164609053498
None0,1202.0,992.0,0.000411522633745
None0,1202.0,993.0,0.000411522633745
None0,1202.0,995.0,0.000411522633745
None0,1202.0,997.0,0.000411522633745
None0,1202.0,1001.0,0.000411522633745
None0,1202.0,1002.0,0.00082304526749
None0,1202.0,1003.0,0.00123456790123
None0,1202.0,1004.0,0.000411522633745
None0,1202.0,1005.0,0.000411522633745
None0,1202.0,1006.0,0.00123456790123
None0,1202.0,1008.0,0.00082304526749
None0,1202.0,1009.0,0.00205761316872
None0,1202.0,1010.0,0.00740740740741
None0,1202.0,1011.0,0.000411522633745
None0,1202.0,1013.0,0.000411522633745
None0,1202.0,1015.0,0.0148148148148
None0,1202.0,1017.0,0.00534979423868
None0,1202.0,1018.0,0.000411522633745
None0,1202.0,1019.0,0.000411522633745
None0,1202.0,1020.0,0.000411522633745
None0,1202.0,1021.0,0.000411522633745
None0,1202.0,1024.0,0.000411522633745
None0,1202.0,1025.0,0.0152263374486
None0,1202.0,1027.0,0.00493827160494
None0,1202.0,1030.0,0.00082304526749
None0,1202.0,1031.0,0.00205761316872
None0,1202.0,1032.0,0.00329218106996
None0,1202.0,1041.0,0.00082304526749
None0,1202.0,1043.0,0.00781893004115
None0,1202.0,1046.0,0.00288065843621
None0,1202.0,1047.0,0.000411522633745
None0,1202.0,1051.0,0.00205761316872
None0,1202.0,1052.0,0.00082304526749
None0,1202.0,1053.0,0.00864197530864
None0,1202.0,1054.0,0.00246913580247
None0,1202.0,1056.0,0.00905349794239
None0,1202.0,1058.0,0.00164609053498
None0,1202.0,1059.0,0.00164609053498
None0,1202.0,1061.0,0.000411522633745
None0,1202.0,1062.0,0.000411522633745
None0,1202.0,1064.0,0.000411522633745
None0,1202.0,1066.0,0.00082304526749
None0,1202.0,1067.0,0.00123456790123
None0,1202.0,1068.0,0.00493827160494
None0,1202.0,1069.0,0.000411522633745
None0,1202.0,1070.0,0.000411522633745
None0,1202.0,1072.0,0.00288065843621
None0,1202.0,1074.0,0.00082304526749
None0,1202.0,1075.0,0.00082304526749
None0,1202.0,1076.0,0.000411522633745
None0,1202.0,1077.0,0.000411522633745
None0,1202.0,1078.0,0.000411522633745
None0,1202.0,1079.0,0.00164609053498
None0,1202.0,1081.0,0.00288065843621
None0,1202.0,1083.0,0.00164609053498
None0,1202.0,1084.0,0.00617283950617
None0,1202.0,1086.0,0.000411522633745
None0,1202.0,1088.0,0.000411522633745
None0,1202.0,1090.0,0.00246913580247
None0,1202.0,1092.0,0.00329218106996
None0,1202.0,1093.0,0.00205761316872
None0,1202.0,1094.0,0.000411522633745
None0,1202.0,1098.0,0.000411522633745
None0,1202.0,1100.0,0.000411522633745
None0,1202.0,1101.0,0.00164609053498
None0,1202.0,1103.0,0.000411522633745
None0,1202.0,1104.0,0.00123456790123
None0,1202.0,1114.0,0.000411522633745
None0,1202.0,1116.0,0.00082304526749
None0,1202.0,1118.0,0.000411522633745
None0,1202.0,1119.0,0.000411522633745
None0,1202.0,1120.0,0.00082304526749
None0,1202.0,1124.0,0.00082304526749
None0,1202.0,1125.0,0.000411522633745
None0,1202.0,1126.0,0.000411522633745
None0,1202.0,1127.0,0.00082304526749
None0,1202.0,1130.0,0.00082304526749
None0,1202.0,1131.0,0.00164609053498
None0,1202.0,1134.0,0.000411522633745
None0,1202.0,1137.0,0.00082304526749
None0,1202.0,1138.0,0.000411522633745
None0,1202.0,1139.0,0.00123456790123
None0,1202.0,1140.0,0.00288065843621
None0,1202.0,1141.0,0.00082304526749
None0,1202.0,1143.0,0.00411522633745
None0,1202.0,1144.0,0.00123456790123
None0,1202.0,1146.0,0.00082304526749
None0,1202.0,1147.0,0.000411522633745
None0,1202.0,1151.0,0.00082304526749
None0,1202.0,1158.0,0.000411522633745
None0,1202.0,1159.0,0.000411522633745
None0,1202.0,1160.0,0.00740740740741
None0,1202.0,1162.0,0.0106995884774
None0,1202.0,1163.0,0.00123456790123
None0,1202.0,1164.0,0.000411522633745
None0,1202.0,1166.0,0.000411522633745
None0,1202.0,1167.0,0.00082304526749
None0,1202.0,1171.0,0.000411522633745
None0,1202.0,1172.0,0.0082304526749
None0,1202.0,1176.0,0.000411522633745
None0,1202.0,1177.0,0.0127572016461
None0,1202.0,1180.0,0.00082304526749
None0,1202.0,1181.0,0.000411522633745
None0,1202.0,1186.0,0.00246913580247
None0,1202.0,1190.0,0.000411522633745
None0,1202.0,1191.0,0.00164609053498
None0,1202.0,1192.0,0.000411522633745
None0,1202.0,1194.0,0.00205761316872
None0,1202.0,1200.0,0.00246913580247
None0,1202.0,1204.0,0.000411522633745
None0,1202.0,1205.0,0.00246913580247
None0,1202.0,1207.0,0.00164609053498
None0,1202.0,1211.0,0.00082304526749
None0,1202.0,1213.0,0.00082304526749
None0,1202.0,1214.0,0.00452674897119
None0,1202.0,1215.0,0.00082304526749
None0,1202.0,1216.0,0.00781893004115
None0,1202.0,1217.0,0.000411522633745
None0,1202.0,1218.0,0.000411522633745
None0,1202.0,1220.0,0.000411522633745
None0,1202.0,1224.0,0.000411522633745
None0,1202.0,1226.0,0.000411522633745
None0,1202.0,1228.0,0.00658436213992
None0,1202.0,1231.0,0.00082304526749
None0,1202.0,1237.0,0.00246913580247
None0,1202.0,1239.0,0.00082304526749
None0,1202.0,1241.0,0.00082304526749
None0,1202.0,1243.0,0.00246913580247
None0,1202.0,1246.0,0.00164609053498
None0,1202.0,1247.0,0.00288065843621
None0,1202.0,1249.0,0.00082304526749
None0,1202.0,1251.0,0.00329218106996
None0,1202.0,1252.0,0.00246913580247
None0,1202.0,1257.0,0.00082304526749
None0,1202.0,1258.0,0.00082304526749
None0,1202.0,1260.0,0.000411522633745
None0,1202.0,1267.0,0.00123456790123
None0,1202.0,1268.0,0.00246913580247
None0,1202.0,1270.0,0.000411522633745
None0,1202.0,1274.0,0.0119341563786
None0,1202.0,1275.0,0.000411522633745
None0,1202.0,1276.0,0.00082304526749
None0,1202.0,1278.0,0.000411522633745
None0,1202.0,1279.0,0.000411522633745
None0,1202.0,1280.0,0.00288065843621
None0,1202.0,1282.0,0.000411522633745
None0,1202.0,1283.0,0.00123456790123
None0,1202.0,1284.0,0.00082304526749
None0,1202.0,1289.0,0.00082304526749
None0,1202.0,1290.0,0.000411522633745
None0,1202.0,1291.0,0.000411522633745
None0,1202.0,1294.0,0.000411522633745
None0,1202.0,1296.0,0.00082304526749
None0,1202.0,1298.0,0.000411522633745
None0,1202.0,1301.0,0.00123456790123
None0,1202.0,1302.0,0.000411522633745
None0,1202.0,1305.0,0.000411522633745
None0,1202.0,1306.0,0.000411522633745
None0,1202.0,1316.0,0.00082304526749
None0,1202.0,1318.0,0.000411522633745
None0,1202.0,1320.0,0.0037037037037
None0,1202.0,1321.0,0.000411522633745
None0,1202.0,1322.0,0.000411522633745
None0,1202.0,1323.0,0.00205761316872
None0,1202.0,1324.0,0.00082304526749
None0,1202.0,1328.0,0.000411522633745
None0,1202.0,1329.0,0.00082304526749
None0,1202.0,1330.0,0.000411522633745
None0,1202.0,1331.0,0.000411522633745
None0,1202.0,1333.0,0.00123456790123
None0,1202.0,1334.0,0.00082304526749
None0,1202.0,1337.0,0.000411522633745
None0,1202.0,1340.0,0.00123456790123
None0,1202.0,1341.0,0.00493827160494
None0,1202.0,1342.0,0.000411522633745
None0,1202.0,1344.0,0.000411522633745
None0,1202.0,1348.0,0.000411522633745
None0,1202.0,1349.0,0.00246913580247
None0,1202.0,1352.0,0.00288065843621
None0,1202.0,1353.0,0.00987654320988
None0,1202.0,1355.0,0.000411522633745
None0,1202.0,1356.0,0.00082304526749
None0,1202.0,1358.0,0.00123456790123
None0,1202.0,1360.0,0.000411522633745
None0,1202.0,1361.0,0.00082304526749
None0,1202.0,1364.0,0.000411522633745
None0,1202.0,1367.0,0.00164609053498
None0,1202.0,1371.0,0.000411522633745
None0,1202.0,1372.0,0.00329218106996
None0,1202.0,1373.0,0.0213991769547
None0,1202.0,1375.0,0.00082304526749
None0,1202.0,1377.0,0.000411522633745
None0,1202.0,1378.0,0.000411522633745
None0,1202.0,1379.0,0.00164609053498
None0,1202.0,1381.0,0.00164609053498
None0,1202.0,1382.0,0.00123456790123
None0,1202.0,1386.0,0.00329218106996
None0,1202.0,1387.0,0.00123456790123
None0,1202.0,1392.0,0.0489711934156
None0,1202.0,1395.0,0.00205761316872
None0,1202.0,1396.0,0.000411522633745
None0,1202.0,1401.0,0.00246913580247
None0,1202.0,1402.0,0.00288065843621
None0,1202.0,1403.0,0.00246913580247
None0,1202.0,1404.0,0.00082304526749
None0,1202.0,1406.0,0.000411522633745
None0,1202.0,1408.0,0.00123456790123
None0,1202.0,1412.0,0.00082304526749
None0,1202.0,1416.0,0.000411522633745
None0,1202.0,1418.0,0.000411522633745
None0,1202.0,1419.0,0.00205761316872
None0,1202.0,1420.0,0.00699588477366
None0,1202.0,1423.0,0.00534979423868
None0,1202.0,1425.0,0.00411522633745
None0,1202.0,1427.0,0.000411522633745
None0,1202.0,1429.0,0.00123456790123
None0,1202.0,1430.0,0.000411522633745
None0,1202.0,1431.0,0.00205761316872
None0,1202.0,1434.0,0.00164609053498
None0,1202.0,1435.0,0.000411522633745
None0,1202.0,1436.0,0.000411522633745
None0,1202.0,1437.0,0.000411522633745
None0,1202.0,1444.0,0.00082304526749
None0,1202.0,1448.0,0.000411522633745
None0,1202.0,1449.0,0.000411522633745
None0,1202.0,1453.0,0.00082304526749
None0,1202.0,1454.0,0.00246913580247
None0,1202.0,1455.0,0.000411522633745
None0,1202.0,1456.0,0.00123456790123
None0,1202.0,1458.0,0.00082304526749
None0,1202.0,1459.0,0.000411522633745
None0,1202.0,1460.0,0.00082304526749
None0,1202.0,1462.0,0.00699588477366
None0,1202.0,1465.0,0.00082304526749
None0,1202.0,1466.0,0.00082304526749
None0,1202.0,1468.0,0.000411522633745
None0,1202.0,1472.0,0.00205761316872
None0,1202.0,1475.0,0.000411522633745
None0,1202.0,1478.0,0.00082304526749
None0,1202.0,1479.0,0.000411522633745
None0,1202.0,1480.0,0.000411522633745
None0,1202.0,1482.0,0.00082304526749
None0,1202.0,1483.0,0.00329218106996
None0,1202.0,1484.0,0.000411522633745
None0,1202.0,1487.0,0.000411522633745
None0,1202.0,1488.0,0.00082304526749
None0,1202.0,1492.0,0.00288065843621
None0,1202.0,1494.0,0.00082304526749
None0,1202.0,1497.0,0.00699588477366
None0,1202.0,1498.0,0.00164609053498
None0,1202.0,1501.0,0.000411522633745
None0,1202.0,1502.0,0.00123456790123
None0,1202.0,1503.0,0.00123456790123
None0,1202.0,1504.0,0.00123456790123
None0,1202.0,1505.0,0.00205761316872
None0,1202.0,1508.0,0.000411522633745
None0,1202.0,1514.0,0.019341563786
None0,1202.0,1516.0,0.00123456790123
None0,1202.0,1519.0,0.00205761316872
None0,1202.0,1520.0,0.0238683127572
None0,1202.0,1522.0,0.00493827160494
None0,1202.0,1523.0,0.00329218106996
None0,1202.0,1524.0,0.000411522633745
None0,1202.0,1525.0,0.00164609053498
None0,1202.0,1526.0,0.00164609053498
None0,1202.0,1528.0,0.000411522633745
None0,1202.0,1529.0,0.000411522633745
None0,1202.0,1533.0,0.000411522633745
None0,1202.0,1538.0,0.00082304526749
None0,1202.0,1539.0,0.000411522633745
None0,1202.0,1540.0,0.00082304526749
None0,1202.0,1541.0,0.00987654320988
None0,1202.0,1543.0,0.000411522633745
None0,1202.0,1545.0,0.00493827160494
None0,1202.0,1547.0,0.000411522633745
None0,1202.0,1550.0,0.00082304526749
None0,1202.0,1551.0,0.00123456790123
None0,1202.0,1553.0,0.00082304526749
None0,1202.0,1554.0,0.000411522633745
None0,1202.0,1555.0,0.00082304526749
None0,1202.0,1557.0,0.00082304526749
None0,1202.0,1558.0,0.000411522633745
None0,1202.0,1559.0,0.00082304526749
None0,1202.0,1560.0,0.00123456790123
None0,1202.0,1561.0,0.00246913580247
None0,1202.0,1562.0,0.00123456790123
None0,1202.0,1563.0,0.00123456790123
None0,1202.0,1565.0,0.00164609053498
None0,1202.0,1566.0,0.000411522633745
None0,1202.0,1568.0,0.000411522633745
None0,1202.0,1570.0,0.00288065843621
None0,1202.0,1571.0,0.000411522633745
None0,1202.0,1573.0,0.00205761316872
None0,1202.0,1574.0,0.00699588477366
None0,1202.0,1576.0,0.0037037037037
None0,1202.0,1577.0,0.000411522633745
None0,1202.0,1580.0,0.00411522633745
None0,1202.0,1581.0,0.000411522633745
None0,1202.0,1585.0,0.000411522633745
None0,1202.0,1586.0,0.00740740740741
None0,1202.0,1589.0,0.00082304526749
None0,1202.0,1593.0,0.00329218106996
None0,1202.0,1595.0,0.00205761316872
None0,1202.0,1597.0,0.0156378600823
None0,1202.0,1599.0,0.00493827160494
None0,1202.0,1600.0,0.00123456790123
None0,1202.0,1602.0,0.00205761316872
None0,1202.0,1604.0,0.000411522633745
None0,1202.0,1605.0,0.00781893004115
None0,1202.0,1608.0,0.00123456790123
None0,1202.0,1615.0,0.00123456790123
None0,1202.0,1616.0,0.000411522633745
None0,1202.0,1617.0,0.000411522633745
None0,1202.0,1618.0,0.00123456790123
None0,1202.0,1621.0,0.00123456790123
None0,1202.0,1623.0,0.00082304526749
None0,1202.0,1624.0,0.000411522633745
None0,1202.0,1625.0,0.000411522633745
None0,1202.0,1627.0,0.00246913580247
None0,1202.0,1628.0,0.00534979423868
None0,1202.0,1630.0,0.000411522633745
None0,1202.0,1631.0,0.000411522633745
None0,1202.0,1632.0,0.000411522633745
None0,1202.0,1633.0,0.0275720164609
None0,1202.0,1634.0,0.00164609053498
None0,1202.0,1640.0,0.00205761316872
None0,1202.0,1644.0,0.00205761316872
None0,1202.0,1648.0,0.000411522633745
None0,1202.0,1650.0,0.000411522633745
None0,1202.0,1651.0,0.00246913580247
None0,1202.0,1655.0,0.00082304526749
None0,1202.0,1656.0,0.00205761316872
None0,1202.0,1660.0,0.00246913580247
None0,1202.0,1662.0,0.000411522633745
None0,1202.0,1663.0,0.000411522633745
None0,1202.0,1664.0,0.00288065843621
None0,1202.0,1665.0,0.000411522633745
None0,1202.0,1667.0,0.00082304526749
None0,1202.0,1671.0,0.00082304526749
None0,1202.0,1672.0,0.000411522633745
None0,1202.0,1676.0,0.00082304526749
None0,1202.0,1679.0,0.000411522633745
None0,1202.0,1682.0,0.0037037037037
None0,1202.0,1685.0,0.00082304526749
None0,1202.0,1687.0,0.00123456790123
None0,1202.0,1691.0,0.00617283950617
None0,1202.0,1692.0,0.00123456790123
None0,1202.0,1695.0,0.00082304526749
None0,1202.0,1696.0,0.000411522633745
None0,1202.0,1697.0,0.00123456790123
None0,1202.0,1698.0,0.00123456790123
None0,1202.0,1699.0,0.00164609053498
None0,1202.0,1700.0,0.00123456790123
None0,1202.0,1701.0,0.00082304526749
None0,1202.0,1702.0,0.0271604938272
None0,1202.0,1703.0,0.00082304526749
None0,1202.0,1704.0,0.00123456790123
None0,1202.0,1706.0,0.00082304526749
None0,1202.0,1707.0,0.000411522633745
None0,1202.0,1708.0,0.00123456790123
None0,1202.0,1709.0,0.00411522633745
None0,1202.0,1710.0,0.00576131687243
None0,1202.0,1712.0,0.00164609053498
None0,1202.0,1714.0,0.000411522633745
None0,1202.0,1715.0,0.00164609053498
None0,1202.0,1716.0,0.040329218107
None0,1202.0,1717.0,0.00205761316872
None0,1202.0,1718.0,0.000411522633745
None0,1202.0,1719.0,0.00082304526749
None0,1202.0,1721.0,0.00123456790123
None0,1202.0,1723.0,0.00205761316872
None0,1202.0,1724.0,0.00164609053498
None0,1202.0,1725.0,0.000411522633745
None0,1202.0,1727.0,0.00164609053498
None0,1202.0,1729.0,0.000411522633745
None0,1202.0,1731.0,0.00082304526749
None0,1202.0,1735.0,0.000411522633745
None0,1202.0,1737.0,0.00493827160494
None0,1202.0,1740.0,0.000411522633745
None0,1202.0,1741.0,0.00164609053498
None0,1202.0,1742.0,0.000411522633745
None0,1202.0,1743.0,0.000411522633745
None0,1202.0,1744.0,0.000411522633745
None0,1202.0,1748.0,0.00164609053498
None0,1202.0,1749.0,0.0172839506173
None0,1202.0,1755.0,0.020987654321
None0,1202.0,1756.0,0.00411522633745
None0,1202.0,1758.0,0.000411522633745
None0,1202.0,1759.0,0.00164609053498
None0,1202.0,1762.0,0.000411522633745
None0,1202.0,1763.0,0.000411522633745
None0,1202.0,1764.0,0.000411522633745
None0,1202.0,1766.0,0.00205761316872
None0,1202.0,1767.0,0.00082304526749
None0,1202.0,1769.0,0.000411522633745
None0,1202.0,1771.0,0.00123456790123
None0,1202.0,1775.0,0.00493827160494
None0,1202.0,1776.0,0.00205761316872
None0,1202.0,1779.0,0.000411522633745
None0,1202.0,1783.0,0.00411522633745
None0,1202.0,1784.0,0.000411522633745
None0,1202.0,1785.0,0.00205761316872
None0,1202.0,1786.0,0.00123456790123
None0,1202.0,1790.0,0.000411522633745
None0,1202.0,1791.0,0.000411522633745
None0,1202.0,1796.0,0.000411522633745
None0,1202.0,1797.0,0.00205761316872
None0,1202.0,1798.0,0.000411522633745
None0,1202.0,1799.0,0.00082304526749
None0,1202.0,1802.0,0.000411522633745
None0,1202.0,1805.0,0.00288065843621
None0,1202.0,1807.0,0.000411522633745
None0,1202.0,1809.0,0.00123456790123
None0,1202.0,1812.0,0.000411522633745
None0,1202.0,1813.0,0.000411522633745
None0,1202.0,1814.0,0.00205761316872
None0,1202.0,1817.0,0.000411522633745
None0,1202.0,1818.0,0.0106995884774
None0,1202.0,1821.0,0.000411522633745
None0,1202.0,1822.0,0.00164609053498
None0,1202.0,1823.0,0.00082304526749
None0,1202.0,1825.0,0.00123456790123
None0,1202.0,1827.0,0.000411522633745
None0,1202.0,1832.0,0.000411522633745
None0,1202.0,1833.0,0.00082304526749
None0,1202.0,1834.0,0.00164609053498
None0,1202.0,1837.0,0.00082304526749
None0,1202.0,1839.0,0.000411522633745
None0,1202.0,1843.0,0.000411522633745
None0,1202.0,1846.0,0.00288065843621
None0,1202.0,1847.0,0.00123456790123
None0,1202.0,1850.0,0.00288065843621
None0,1202.0,1851.0,0.00123456790123
None0,1202.0,1853.0,0.000411522633745
None0,1202.0,1854.0,0.00082304526749
None0,1202.0,1855.0,0.00082304526749
None0,1202.0,1858.0,0.000411522633745
None0,1202.0,1860.0,0.00164609053498
None0,1202.0,1861.0,0.00082304526749
None0,1202.0,1871.0,0.0037037037037
None0,1202.0,1873.0,0.000411522633745
None0,1202.0,1874.0,0.00082304526749
None0,1202.0,1880.0,0.000411522633745
None0,1202.0,1881.0,0.000411522633745
None0,1202.0,1882.0,0.000411522633745
None0,1202.0,1884.0,0.00164609053498
None0,1202.0,1886.0,0.00082304526749
None0,1202.0,1887.0,0.000411522633745
None0,1202.0,1890.0,0.00123456790123
None0,1202.0,1892.0,0.00164609053498
None0,1202.0,1894.0,0.00164609053498
None0,1202.0,1896.0,0.000411522633745
None0,1202.0,1897.0,0.00123456790123
None0,1202.0,1899.0,0.00864197530864
None0,1202.0,1901.0,0.00658436213992
None0,1202.0,1902.0,0.000411522633745
None0,1202.0,1904.0,0.00411522633745
None0,1202.0,1905.0,0.000411522633745
None0,1202.0,1907.0,0.000411522633745
None0,1202.0,1908.0,0.00082304526749
None0,1202.0,1909.0,0.00082304526749
None0,1202.0,1913.0,0.00288065843621
None0,1202.0,1914.0,0.00082304526749
None0,1202.0,1915.0,0.00082304526749
None0,1202.0,1920.0,0.000411522633745
None0,1202.0,1922.0,0.000411522633745
None0,1202.0,1925.0,0.00082304526749
None0,1202.0,1926.0,0.00288065843621
None0,1202.0,1928.0,0.00164609053498
None0,1202.0,1934.0,0.000411522633745
None0,1202.0,1935.0,0.000411522633745
None0,1202.0,1937.0,0.00288065843621
None0,1202.0,1939.0,0.00082304526749
None0,1202.0,1940.0,0.000411522633745
None0,1202.0,1942.0,0.000411522633745
None0,1202.0,1943.0,0.0037037037037
None0,1202.0,1944.0,0.00617283950617
None0,1202.0,1947.0,0.00082304526749
None0,1202.0,1948.0,0.00329218106996
None0,1202.0,1950.0,0.000411522633745
None0,1202.0,1952.0,0.00082304526749
None0,1202.0,1953.0,0.00164609053498
None0,1202.0,1955.0,0.000411522633745
None0,1202.0,1959.0,0.00658436213992
None0,1202.0,1961.0,0.00082304526749
None0,1202.0,1964.0,0.00411522633745
None0,1202.0,1966.0,0.00946502057613
None0,1202.0,1967.0,0.00123456790123
None0,1202.0,1969.0,0.000411522633745
None0,1202.0,1971.0,0.00082304526749
None0,1202.0,1972.0,0.00452674897119
None0,1202.0,1973.0,0.00123456790123
None0,1202.0,1977.0,0.0127572016461
None0,1202.0,1979.0,0.00082304526749
None0,1202.0,1983.0,0.00164609053498
None0,1202.0,1984.0,0.00082304526749
None0,1202.0,1997.0,0.00082304526749
None0,1202.0,1999.0,0.00534979423868
None0,1203.0,0.0,0.0108803165183
None0,1203.0,2.0,0.000989119683482
None0,1203.0,3.0,0.00692383778437
None0,1203.0,4.0,0.00692383778437
None0,1203.0,5.0,0.00791295746785
None0,1203.0,6.0,0.000989119683482
None0,1203.0,10.0,0.00395647873393
None0,1203.0,12.0,0.00593471810089
None0,1203.0,13.0,0.00395647873393
None0,1203.0,15.0,0.000989119683482
None0,1203.0,23.0,0.000989119683482
None0,1203.0,24.0,0.00593471810089
None0,1203.0,27.0,0.0326409495549
None0,1203.0,28.0,0.106824925816
None0,1203.0,29.0,0.00296735905045
None0,1203.0,30.0,0.0108803165183
None0,1203.0,33.0,0.0118694362018
None0,1203.0,35.0,0.00296735905045
None0,1203.0,37.0,0.00197823936696
None0,1203.0,38.0,0.0217606330366
None0,1203.0,39.0,0.00296735905045
None0,1203.0,40.0,0.00197823936696
None0,1203.0,46.0,0.00197823936696
None0,1203.0,47.0,0.00197823936696
None0,1203.0,48.0,0.00593471810089
None0,1203.0,52.0,0.000989119683482
None0,1203.0,57.0,0.000989119683482
None0,1203.0,58.0,0.00395647873393
None0,1203.0,59.0,0.000989119683482
None0,1203.0,63.0,0.000989119683482
None0,1203.0,68.0,0.000989119683482
None0,1203.0,69.0,0.000989119683482
None0,1203.0,72.0,0.000989119683482
None0,1203.0,73.0,0.00494559841741
None0,1203.0,74.0,0.00494559841741
None0,1203.0,82.0,0.00197823936696
None0,1203.0,84.0,0.00197823936696
None0,1203.0,89.0,0.00197823936696
None0,1203.0,91.0,0.00791295746785
None0,1203.0,93.0,0.00296735905045
None0,1203.0,94.0,0.00197823936696
None0,1203.0,106.0,0.000989119683482
None0,1203.0,117.0,0.000989119683482
None0,1203.0,119.0,0.000989119683482
None0,1203.0,123.0,0.000989119683482
None0,1203.0,128.0,0.00197823936696
None0,1203.0,130.0,0.00197823936696
None0,1203.0,141.0,0.000989119683482
None0,1203.0,148.0,0.000989119683482
None0,1203.0,168.0,0.00395647873393
None0,1203.0,169.0,0.00197823936696
None0,1203.0,177.0,0.00989119683482
None0,1203.0,178.0,0.0108803165183
None0,1203.0,182.0,0.00197823936696
None0,1203.0,185.0,0.000989119683482
None0,1203.0,186.0,0.000989119683482
None0,1203.0,187.0,0.00494559841741
None0,1203.0,188.0,0.00197823936696
None0,1203.0,189.0,0.00296735905045
None0,1203.0,191.0,0.000989119683482
None0,1203.0,193.0,0.000989119683482
None0,1203.0,194.0,0.00197823936696
None0,1203.0,198.0,0.00197823936696
None0,1203.0,200.0,0.000989119683482
None0,1203.0,205.0,0.000989119683482
None0,1203.0,217.0,0.00989119683482
None0,1203.0,226.0,0.000989119683482
None0,1203.0,227.0,0.000989119683482
None0,1203.0,228.0,0.00494559841741
None0,1203.0,229.0,0.000989119683482
None0,1203.0,231.0,0.000989119683482
None0,1203.0,237.0,0.000989119683482
None0,1203.0,239.0,0.000989119683482
None0,1203.0,241.0,0.000989119683482
None0,1203.0,243.0,0.000989119683482
None0,1203.0,244.0,0.00197823936696
None0,1203.0,245.0,0.00296735905045
None0,1203.0,246.0,0.000989119683482
None0,1203.0,247.0,0.00395647873393
None0,1203.0,249.0,0.000989119683482
None0,1203.0,250.0,0.000989119683482
None0,1203.0,251.0,0.00494559841741
None0,1203.0,252.0,0.000989119683482
None0,1203.0,253.0,0.000989119683482
None0,1203.0,258.0,0.00791295746785
None0,1203.0,259.0,0.000989119683482
None0,1203.0,261.0,0.00791295746785
None0,1203.0,262.0,0.00197823936696
None0,1203.0,263.0,0.000989119683482
None0,1203.0,269.0,0.00197823936696
None0,1203.0,270.0,0.00296735905045
None0,1203.0,278.0,0.00197823936696
None0,1203.0,282.0,0.00197823936696
None0,1203.0,286.0,0.00791295746785
None0,1203.0,288.0,0.000989119683482
None0,1203.0,290.0,0.00197823936696
None0,1203.0,291.0,0.00692383778437
None0,1203.0,295.0,0.000989119683482
None0,1203.0,298.0,0.00197823936696
None0,1203.0,301.0,0.00692383778437
None0,1203.0,304.0,0.00197823936696
None0,1203.0,305.0,0.00296735905045
None0,1203.0,309.0,0.00296735905045
None0,1203.0,310.0,0.0217606330366
None0,1203.0,313.0,0.0435212660732
None0,1203.0,314.0,0.0207715133531
None0,1203.0,317.0,0.00197823936696
None0,1203.0,319.0,0.0118694362018
None0,1203.0,320.0,0.00692383778437
None0,1203.0,321.0,0.00197823936696
None0,1203.0,322.0,0.000989119683482
None0,1203.0,323.0,0.00296735905045
None0,1203.0,324.0,0.00791295746785
None0,1203.0,325.0,0.00296735905045
None0,1203.0,328.0,0.000989119683482
None0,1203.0,330.0,0.000989119683482
None0,1203.0,331.0,0.00197823936696
None0,1203.0,332.0,0.00593471810089
None0,1203.0,333.0,0.00692383778437
None0,1203.0,337.0,0.00197823936696
None0,1203.0,338.0,0.000989119683482
None0,1203.0,340.0,0.00494559841741
None0,1203.0,341.0,0.00494559841741
None0,1203.0,342.0,0.000989119683482
None0,1203.0,346.0,0.0118694362018
None0,1203.0,347.0,0.00791295746785
None0,1203.0,348.0,0.00197823936696
None0,1203.0,349.0,0.00197823936696
None0,1203.0,356.0,0.00197823936696
None0,1203.0,358.0,0.00395647873393
None0,1203.0,359.0,0.00791295746785
None0,1203.0,360.0,0.00791295746785
None0,1203.0,364.0,0.00296735905045
None0,1203.0,365.0,0.0494559841741
None0,1203.0,369.0,0.0128585558853
None0,1203.0,371.0,0.00494559841741
None0,1203.0,373.0,0.00692383778437
None0,1203.0,379.0,0.00197823936696
None0,1203.0,380.0,0.00197823936696
None0,1203.0,383.0,0.00494559841741
None0,1203.0,387.0,0.000989119683482
None0,1203.0,390.0,0.0257171117705
None0,1203.0,394.0,0.0197823936696
None0,1203.0,395.0,0.000989119683482
None0,1203.0,398.0,0.00494559841741
None0,1203.0,403.0,0.00494559841741
None0,1203.0,415.0,0.0751730959446
None0,1203.0,417.0,0.00395647873393
None0,1203.0,420.0,0.000989119683482
None0,1203.0,429.0,0.000989119683482
None0,1203.0,432.0,0.00593471810089
None0,1203.0,436.0,0.000989119683482
None0,1203.0,437.0,0.0148367952522
None0,1203.0,439.0,0.00593471810089
None0,1203.0,442.0,0.00197823936696
None0,1203.0,450.0,0.00791295746785
None0,1203.0,451.0,0.00197823936696
None0,1203.0,454.0,0.0197823936696
None0,1203.0,457.0,0.00692383778437
None0,1203.0,459.0,0.0158259149357
None0,1203.0,460.0,0.00197823936696
None0,1203.0,465.0,0.00395647873393
None0,1203.0,467.0,0.00593471810089
None0,1203.0,477.0,0.000989119683482
None0,1203.0,478.0,0.00197823936696
None0,1203.0,479.0,0.00296735905045
None0,1203.0,481.0,0.000989119683482
None0,1203.0,482.0,0.00692383778437
None0,1203.0,483.0,0.000989119683482
None0,1203.0,484.0,0.00296735905045
None0,1203.0,486.0,0.000989119683482
None0,1203.0,488.0,0.0148367952522
None0,1203.0,489.0,0.000989119683482
None0,1203.0,495.0,0.00791295746785
None0,1203.0,499.0,0.00296735905045
None0,1203.0,502.0,0.00296735905045
None0,1203.0,505.0,0.0197823936696
None0,1203.0,506.0,0.00197823936696
None0,1203.0,509.0,0.000989119683482
None0,1203.0,512.0,0.00395647873393
None0,1203.0,515.0,0.0108803165183
None0,1203.0,516.0,0.00890207715134
None0,1203.0,523.0,0.000989119683482
None0,1203.0,526.0,0.00989119683482
None0,1203.0,528.0,0.00197823936696
None0,1203.0,531.0,0.0316518298714
None0,1203.0,532.0,0.000989119683482
None0,1203.0,533.0,0.0158259149357
None0,1203.0,538.0,0.00395647873393
None0,1203.0,546.0,0.00296735905045
None0,1203.0,552.0,0.00197823936696
None0,1203.0,553.0,0.0316518298714
None0,1203.0,557.0,0.00197823936696
None0,1203.0,564.0,0.00395647873393
None0,1203.0,565.0,0.000989119683482
None0,1203.0,567.0,0.000989119683482
None0,1203.0,568.0,0.00395647873393
None0,1203.0,570.0,0.000989119683482
None0,1203.0,572.0,0.00197823936696
None0,1203.0,574.0,0.00395647873393
None0,1203.0,575.0,0.00197823936696
None0,1203.0,576.0,0.00197823936696
None0,1203.0,580.0,0.0158259149357
None0,1203.0,582.0,0.00692383778437
None0,1203.0,583.0,0.000989119683482
None0,1203.0,588.0,0.000989119683482
None0,1203.0,595.0,0.000989119683482
None0,1203.0,597.0,0.000989119683482
None0,1203.0,598.0,0.000989119683482
None0,1203.0,604.0,0.00593471810089
None0,1203.0,606.0,0.00593471810089
None0,1203.0,608.0,0.000989119683482
None0,1203.0,612.0,0.000989119683482
None0,1203.0,616.0,0.000989119683482
None0,1203.0,622.0,0.000989119683482
None0,1203.0,627.0,0.000989119683482
None0,1203.0,629.0,0.00197823936696
None0,1203.0,631.0,0.0128585558853
None0,1203.0,636.0,0.000989119683482
None0,1203.0,637.0,0.00395647873393
None0,1203.0,638.0,0.00197823936696
None0,1203.0,640.0,0.000989119683482
None0,1203.0,641.0,0.00395647873393
None0,1203.0,645.0,0.00692383778437
None0,1203.0,650.0,0.000989119683482
None0,1203.0,657.0,0.000989119683482
None0,1203.0,659.0,0.0168150346192
None0,1203.0,664.0,0.000989119683482
None0,1203.0,665.0,0.000989119683482
None0,1203.0,669.0,0.000989119683482
None0,1203.0,670.0,0.00197823936696
None0,1203.0,671.0,0.00791295746785
None0,1203.0,672.0,0.000989119683482
None0,1203.0,677.0,0.00494559841741
None0,1203.0,679.0,0.000989119683482
None0,1203.0,681.0,0.0138476755687
None0,1203.0,682.0,0.000989119683482
None0,1203.0,688.0,0.000989119683482
None0,1203.0,689.0,0.00296735905045
None0,1203.0,691.0,0.000989119683482
None0,1203.0,692.0,0.000989119683482
None0,1203.0,694.0,0.00593471810089
None0,1203.0,695.0,0.00395647873393
None0,1203.0,700.0,0.00296735905045
None0,1203.0,704.0,0.00791295746785
None0,1203.0,708.0,0.000989119683482
None0,1203.0,718.0,0.00296735905045
None0,1203.0,722.0,0.000989119683482
None0,1203.0,725.0,0.000989119683482
None0,1203.0,726.0,0.00197823936696
None0,1203.0,727.0,0.00296735905045
None0,1203.0,728.0,0.00395647873393
None0,1203.0,732.0,0.000989119683482
None0,1203.0,735.0,0.000989119683482
None0,1203.0,738.0,0.000989119683482
None0,1203.0,739.0,0.00197823936696
None0,1203.0,747.0,0.00791295746785
None0,1203.0,751.0,0.00197823936696
None0,1203.0,753.0,0.000989119683482
None0,1203.0,754.0,0.00494559841741
None0,1203.0,762.0,0.00197823936696
None0,1203.0,768.0,0.00197823936696
None0,1203.0,769.0,0.000989119683482
None0,1203.0,770.0,0.000989119683482
None0,1203.0,776.0,0.00296735905045
None0,1203.0,777.0,0.000989119683482
None0,1203.0,780.0,0.00296735905045
None0,1203.0,785.0,0.00494559841741
None0,1203.0,788.0,0.000989119683482
None0,1203.0,792.0,0.00494559841741
None0,1203.0,794.0,0.00197823936696
None0,1203.0,795.0,0.00197823936696
None0,1203.0,800.0,0.000989119683482
None0,1203.0,801.0,0.000989119683482
None0,1203.0,804.0,0.000989119683482
None0,1203.0,805.0,0.00791295746785
None0,1203.0,807.0,0.0138476755687
None0,1203.0,809.0,0.000989119683482
None0,1203.0,811.0,0.00197823936696
None0,1203.0,812.0,0.0642927794263
None0,1203.0,816.0,0.00197823936696
None0,1203.0,817.0,0.00197823936696
None0,1203.0,823.0,0.000989119683482
None0,1203.0,824.0,0.000989119683482
None0,1203.0,827.0,0.0108803165183
None0,1203.0,837.0,0.000989119683482
None0,1203.0,839.0,0.00692383778437
None0,1203.0,841.0,0.000989119683482
None0,1203.0,843.0,0.000989119683482
None0,1203.0,847.0,0.00296735905045
None0,1203.0,848.0,0.0187932739862
None0,1203.0,853.0,0.000989119683482
None0,1203.0,857.0,0.0197823936696
None0,1203.0,860.0,0.00494559841741
None0,1203.0,862.0,0.00593471810089
None0,1203.0,863.0,0.00296735905045
None0,1203.0,866.0,0.000989119683482
None0,1203.0,867.0,0.00296735905045
None0,1203.0,868.0,0.00197823936696
None0,1203.0,869.0,0.000989119683482
None0,1203.0,870.0,0.0583580613254
None0,1203.0,873.0,0.000989119683482
None0,1203.0,877.0,0.00197823936696
None0,1203.0,883.0,0.00296735905045
None0,1203.0,885.0,0.000989119683482
None0,1203.0,888.0,0.00197823936696
None0,1203.0,889.0,0.00197823936696
None0,1203.0,897.0,0.000989119683482
None0,1203.0,899.0,0.000989119683482
None0,1203.0,903.0,0.000989119683482
None0,1203.0,905.0,0.00197823936696
None0,1203.0,907.0,0.000989119683482
None0,1203.0,909.0,0.000989119683482
None0,1203.0,911.0,0.00395647873393
None0,1203.0,918.0,0.000989119683482
None0,1203.0,923.0,0.000989119683482
None0,1203.0,931.0,0.000989119683482
None0,1203.0,935.0,0.000989119683482
None0,1203.0,938.0,0.00494559841741
None0,1203.0,939.0,0.000989119683482
None0,1203.0,940.0,0.00494559841741
None0,1203.0,941.0,0.00197823936696
None0,1203.0,944.0,0.000989119683482
None0,1203.0,945.0,0.000989119683482
None0,1203.0,946.0,0.000989119683482
None0,1203.0,948.0,0.00791295746785
None0,1203.0,952.0,0.0375865479723
None0,1203.0,953.0,0.000989119683482
None0,1203.0,954.0,0.00791295746785
None0,1203.0,957.0,0.0227497527201
None0,1203.0,964.0,0.00593471810089
None0,1203.0,966.0,0.00197823936696
None0,1203.0,969.0,0.00395647873393
None0,1203.0,973.0,0.000989119683482
None0,1203.0,978.0,0.00395647873393
None0,1203.0,982.0,0.00197823936696
None0,1203.0,986.0,0.00296735905045
None0,1203.0,989.0,0.00395647873393
None0,1203.0,990.0,0.000989119683482
None0,1203.0,991.0,0.000989119683482
None0,1203.0,993.0,0.000989119683482
None0,1203.0,995.0,0.00296735905045
None0,1203.0,998.0,0.000989119683482
None0,1203.0,999.0,0.00395647873393
None0,1203.0,1003.0,0.00197823936696
None0,1203.0,1004.0,0.00296735905045
None0,1203.0,1007.0,0.00494559841741
None0,1203.0,1008.0,0.00395647873393
None0,1203.0,1009.0,0.00494559841741
None0,1203.0,1010.0,0.000989119683482
None0,1203.0,1012.0,0.000989119683482
None0,1203.0,1013.0,0.000989119683482
None0,1203.0,1015.0,0.0207715133531
None0,1203.0,1017.0,0.000989119683482
None0,1203.0,1025.0,0.00890207715134
None0,1203.0,1027.0,0.0118694362018
None0,1203.0,1029.0,0.0178041543027
None0,1203.0,1043.0,0.00494559841741
None0,1203.0,1045.0,0.000989119683482
None0,1203.0,1046.0,0.0306627101879
None0,1203.0,1049.0,0.000989119683482
None0,1203.0,1051.0,0.000989119683482
None0,1203.0,1052.0,0.00296735905045
None0,1203.0,1053.0,0.00989119683482
None0,1203.0,1054.0,0.00197823936696
None0,1203.0,1058.0,0.00692383778437
None0,1203.0,1059.0,0.00296735905045
None0,1203.0,1060.0,0.00197823936696
None0,1203.0,1061.0,0.000989119683482
None0,1203.0,1064.0,0.000989119683482
None0,1203.0,1067.0,0.000989119683482
None0,1203.0,1068.0,0.0128585558853
None0,1203.0,1070.0,0.0158259149357
None0,1203.0,1074.0,0.0168150346192
None0,1203.0,1075.0,0.00296735905045
None0,1203.0,1083.0,0.00296735905045
None0,1203.0,1084.0,0.00890207715134
None0,1203.0,1086.0,0.000989119683482
None0,1203.0,1091.0,0.000989119683482
None0,1203.0,1092.0,0.000989119683482
None0,1203.0,1093.0,0.00395647873393
None0,1203.0,1095.0,0.00494559841741
None0,1203.0,1104.0,0.000989119683482
None0,1203.0,1109.0,0.00197823936696
None0,1203.0,1115.0,0.000989119683482
None0,1203.0,1116.0,0.000989119683482
None0,1203.0,1117.0,0.00395647873393
None0,1203.0,1118.0,0.0128585558853
None0,1203.0,1120.0,0.00197823936696
None0,1203.0,1124.0,0.00296735905045
None0,1203.0,1125.0,0.00197823936696
None0,1203.0,1127.0,0.000989119683482
None0,1203.0,1129.0,0.000989119683482
None0,1203.0,1130.0,0.00296735905045
None0,1203.0,1131.0,0.000989119683482
None0,1203.0,1137.0,0.000989119683482
None0,1203.0,1140.0,0.000989119683482
None0,1203.0,1141.0,0.000989119683482
None0,1203.0,1143.0,0.00692383778437
None0,1203.0,1144.0,0.00296735905045
None0,1203.0,1145.0,0.000989119683482
None0,1203.0,1146.0,0.000989119683482
None0,1203.0,1158.0,0.00494559841741
None0,1203.0,1159.0,0.00296735905045
None0,1203.0,1160.0,0.00890207715134
None0,1203.0,1162.0,0.00890207715134
None0,1203.0,1165.0,0.00395647873393
None0,1203.0,1166.0,0.00197823936696
None0,1203.0,1167.0,0.00296735905045
None0,1203.0,1168.0,0.000989119683482
None0,1203.0,1169.0,0.00197823936696
None0,1203.0,1171.0,0.000989119683482
None0,1203.0,1172.0,0.000989119683482
None0,1203.0,1177.0,0.00494559841741
None0,1203.0,1186.0,0.00395647873393
None0,1203.0,1196.0,0.000989119683482
None0,1203.0,1197.0,0.00494559841741
None0,1203.0,1199.0,0.000989119683482
None0,1203.0,1201.0,0.000989119683482
None0,1203.0,1205.0,0.000989119683482
None0,1203.0,1207.0,0.000989119683482
None0,1203.0,1211.0,0.00593471810089
None0,1203.0,1213.0,0.00197823936696
None0,1203.0,1214.0,0.00989119683482
None0,1203.0,1216.0,0.000989119683482
None0,1203.0,1217.0,0.00197823936696
None0,1203.0,1218.0,0.000989119683482
None0,1203.0,1221.0,0.000989119683482
None0,1203.0,1225.0,0.00395647873393
None0,1203.0,1228.0,0.000989119683482
None0,1203.0,1229.0,0.000989119683482
None0,1203.0,1231.0,0.000989119683482
None0,1203.0,1237.0,0.00296735905045
None0,1203.0,1239.0,0.00296735905045
None0,1203.0,1241.0,0.000989119683482
None0,1203.0,1242.0,0.000989119683482
None0,1203.0,1243.0,0.000989119683482
None0,1203.0,1245.0,0.000989119683482
None0,1203.0,1247.0,0.00395647873393
None0,1203.0,1251.0,0.00692383778437
None0,1203.0,1252.0,0.00791295746785
None0,1203.0,1257.0,0.00296735905045
None0,1203.0,1258.0,0.000989119683482
None0,1203.0,1274.0,0.0138476755687
None0,1203.0,1275.0,0.00296735905045
None0,1203.0,1276.0,0.000989119683482
None0,1203.0,1278.0,0.000989119683482
None0,1203.0,1282.0,0.000989119683482
None0,1203.0,1283.0,0.00494559841741
None0,1203.0,1285.0,0.00197823936696
None0,1203.0,1290.0,0.000989119683482
None0,1203.0,1301.0,0.000989119683482
None0,1203.0,1307.0,0.000989119683482
None0,1203.0,1314.0,0.000989119683482
None0,1203.0,1318.0,0.000989119683482
None0,1203.0,1320.0,0.000989119683482
None0,1203.0,1321.0,0.00296735905045
None0,1203.0,1323.0,0.000989119683482
None0,1203.0,1324.0,0.00197823936696
None0,1203.0,1327.0,0.00197823936696
None0,1203.0,1328.0,0.000989119683482
None0,1203.0,1329.0,0.000989119683482
None0,1203.0,1330.0,0.000989119683482
None0,1203.0,1334.0,0.000989119683482
None0,1203.0,1337.0,0.000989119683482
None0,1203.0,1340.0,0.000989119683482
None0,1203.0,1344.0,0.00692383778437
None0,1203.0,1346.0,0.000989119683482
None0,1203.0,1349.0,0.000989119683482
None0,1203.0,1350.0,0.000989119683482
None0,1203.0,1353.0,0.0138476755687
None0,1203.0,1358.0,0.00593471810089
None0,1203.0,1360.0,0.00494559841741
None0,1203.0,1362.0,0.00197823936696
None0,1203.0,1364.0,0.000989119683482
None0,1203.0,1367.0,0.00197823936696
None0,1203.0,1372.0,0.00296735905045
None0,1203.0,1373.0,0.0316518298714
None0,1203.0,1375.0,0.000989119683482
None0,1203.0,1377.0,0.000989119683482
None0,1203.0,1379.0,0.00197823936696
None0,1203.0,1381.0,0.00197823936696
None0,1203.0,1384.0,0.000989119683482
None0,1203.0,1386.0,0.00296735905045
None0,1203.0,1389.0,0.000989119683482
None0,1203.0,1392.0,0.00494559841741
None0,1203.0,1401.0,0.00494559841741
None0,1203.0,1402.0,0.00791295746785
None0,1203.0,1403.0,0.00791295746785
None0,1203.0,1404.0,0.000989119683482
None0,1203.0,1408.0,0.000989119683482
None0,1203.0,1414.0,0.00296735905045
None0,1203.0,1416.0,0.00494559841741
None0,1203.0,1419.0,0.00296735905045
None0,1203.0,1420.0,0.00197823936696
None0,1203.0,1422.0,0.000989119683482
None0,1203.0,1423.0,0.0148367952522
None0,1203.0,1434.0,0.0108803165183
None0,1203.0,1436.0,0.00395647873393
None0,1203.0,1437.0,0.00791295746785
None0,1203.0,1440.0,0.000989119683482
None0,1203.0,1442.0,0.000989119683482
None0,1203.0,1447.0,0.00197823936696
None0,1203.0,1449.0,0.000989119683482
None0,1203.0,1454.0,0.00197823936696
None0,1203.0,1457.0,0.000989119683482
None0,1203.0,1459.0,0.000989119683482
None0,1203.0,1460.0,0.00197823936696
None0,1203.0,1462.0,0.00395647873393
None0,1203.0,1466.0,0.000989119683482
None0,1203.0,1470.0,0.00395647873393
None0,1203.0,1472.0,0.00296735905045
None0,1203.0,1475.0,0.00494559841741
None0,1203.0,1479.0,0.00197823936696
None0,1203.0,1483.0,0.0306627101879
None0,1203.0,1489.0,0.00197823936696
None0,1203.0,1490.0,0.000989119683482
None0,1203.0,1492.0,0.00197823936696
None0,1203.0,1495.0,0.00197823936696
None0,1203.0,1497.0,0.00494559841741
None0,1203.0,1502.0,0.000989119683482
None0,1203.0,1503.0,0.0158259149357
None0,1203.0,1504.0,0.000989119683482
None0,1203.0,1514.0,0.00494559841741
None0,1203.0,1519.0,0.0365974282888
None0,1203.0,1520.0,0.00395647873393
None0,1203.0,1522.0,0.00593471810089
None0,1203.0,1523.0,0.000989119683482
None0,1203.0,1525.0,0.00296735905045
None0,1203.0,1528.0,0.000989119683482
None0,1203.0,1534.0,0.000989119683482
None0,1203.0,1540.0,0.00692383778437
None0,1203.0,1541.0,0.000989119683482
None0,1203.0,1543.0,0.000989119683482
None0,1203.0,1545.0,0.0168150346192
None0,1203.0,1547.0,0.000989119683482
None0,1203.0,1557.0,0.00296735905045
None0,1203.0,1559.0,0.0187932739862
None0,1203.0,1561.0,0.00296735905045
None0,1203.0,1563.0,0.00296735905045
None0,1203.0,1565.0,0.000989119683482
None0,1203.0,1567.0,0.000989119683482
None0,1203.0,1568.0,0.00395647873393
None0,1203.0,1570.0,0.00692383778437
None0,1203.0,1571.0,0.00197823936696
None0,1203.0,1572.0,0.00989119683482
None0,1203.0,1576.0,0.000989119683482
None0,1203.0,1579.0,0.000989119683482
None0,1203.0,1580.0,0.00197823936696
None0,1203.0,1584.0,0.000989119683482
None0,1203.0,1586.0,0.00395647873393
None0,1203.0,1591.0,0.000989119683482
None0,1203.0,1593.0,0.00395647873393
None0,1203.0,1595.0,0.00395647873393
None0,1203.0,1597.0,0.0108803165183
None0,1203.0,1599.0,0.00197823936696
None0,1203.0,1604.0,0.000989119683482
None0,1203.0,1618.0,0.000989119683482
None0,1203.0,1626.0,0.00197823936696
None0,1203.0,1627.0,0.000989119683482
None0,1203.0,1628.0,0.00791295746785
None0,1203.0,1639.0,0.000989119683482
None0,1203.0,1651.0,0.00197823936696
None0,1203.0,1652.0,0.000989119683482
None0,1203.0,1655.0,0.0148367952522
None0,1203.0,1656.0,0.00593471810089
None0,1203.0,1660.0,0.00296735905045
None0,1203.0,1664.0,0.00395647873393
None0,1203.0,1665.0,0.000989119683482
None0,1203.0,1666.0,0.000989119683482
None0,1203.0,1668.0,0.000989119683482
None0,1203.0,1670.0,0.000989119683482
None0,1203.0,1676.0,0.000989119683482
None0,1203.0,1679.0,0.000989119683482
None0,1203.0,1685.0,0.000989119683482
None0,1203.0,1691.0,0.00494559841741
None0,1203.0,1697.0,0.000989119683482
None0,1203.0,1698.0,0.00494559841741
None0,1203.0,1699.0,0.000989119683482
None0,1203.0,1702.0,0.0365974282888
None0,1203.0,1704.0,0.000989119683482
None0,1203.0,1705.0,0.000989119683482
None0,1203.0,1706.0,0.000989119683482
None0,1203.0,1708.0,0.00197823936696
None0,1203.0,1710.0,0.000989119683482
None0,1203.0,1712.0,0.000989119683482
None0,1203.0,1715.0,0.000989119683482
None0,1203.0,1716.0,0.00593471810089
None0,1203.0,1717.0,0.000989119683482
None0,1203.0,1720.0,0.000989119683482
None0,1203.0,1724.0,0.00197823936696
None0,1203.0,1731.0,0.000989119683482
None0,1203.0,1735.0,0.000989119683482
None0,1203.0,1737.0,0.00593471810089
None0,1203.0,1739.0,0.00890207715134
None0,1203.0,1740.0,0.000989119683482
None0,1203.0,1741.0,0.00197823936696
None0,1203.0,1744.0,0.00296735905045
None0,1203.0,1749.0,0.0217606330366
None0,1203.0,1751.0,0.00593471810089
None0,1203.0,1755.0,0.00593471810089
None0,1203.0,1756.0,0.00395647873393
None0,1203.0,1757.0,0.000989119683482
None0,1203.0,1762.0,0.00395647873393
None0,1203.0,1764.0,0.00296735905045
None0,1203.0,1769.0,0.000989119683482
None0,1203.0,1775.0,0.00395647873393
None0,1203.0,1776.0,0.00296735905045
None0,1203.0,1779.0,0.026706231454
None0,1203.0,1783.0,0.00395647873393
None0,1203.0,1784.0,0.00692383778437
None0,1203.0,1786.0,0.00791295746785
None0,1203.0,1788.0,0.000989119683482
None0,1203.0,1793.0,0.00593471810089
None0,1203.0,1797.0,0.00494559841741
None0,1203.0,1799.0,0.000989119683482
None0,1203.0,1802.0,0.00395647873393
None0,1203.0,1805.0,0.000989119683482
None0,1203.0,1809.0,0.00494559841741
None0,1203.0,1812.0,0.00989119683482
None0,1203.0,1814.0,0.000989119683482
None0,1203.0,1817.0,0.000989119683482
None0,1203.0,1818.0,0.00692383778437
None0,1203.0,1822.0,0.00395647873393
None0,1203.0,1824.0,0.000989119683482
None0,1203.0,1825.0,0.000989119683482
None0,1203.0,1829.0,0.00197823936696
None0,1203.0,1833.0,0.000989119683482
None0,1203.0,1834.0,0.00296735905045
None0,1203.0,1835.0,0.00197823936696
None0,1203.0,1836.0,0.000989119683482
None0,1203.0,1846.0,0.00296735905045
None0,1203.0,1847.0,0.000989119683482
None0,1203.0,1850.0,0.000989119683482
None0,1203.0,1853.0,0.00197823936696
None0,1203.0,1855.0,0.000989119683482
None0,1203.0,1861.0,0.000989119683482
None0,1203.0,1869.0,0.000989119683482
None0,1203.0,1871.0,0.00197823936696
None0,1203.0,1873.0,0.000989119683482
None0,1203.0,1880.0,0.00197823936696
None0,1203.0,1884.0,0.00197823936696
None0,1203.0,1888.0,0.000989119683482
None0,1203.0,1889.0,0.000989119683482
None0,1203.0,1890.0,0.00296735905045
None0,1203.0,1897.0,0.000989119683482
None0,1203.0,1899.0,0.00494559841741
None0,1203.0,1901.0,0.00296735905045
None0,1203.0,1904.0,0.000989119683482
None0,1203.0,1909.0,0.000989119683482
None0,1203.0,1922.0,0.000989119683482
None0,1203.0,1925.0,0.000989119683482
None0,1203.0,1926.0,0.00197823936696
None0,1203.0,1928.0,0.00197823936696
None0,1203.0,1931.0,0.00791295746785
None0,1203.0,1933.0,0.000989119683482
None0,1203.0,1934.0,0.000989119683482
None0,1203.0,1937.0,0.000989119683482
None0,1203.0,1938.0,0.00296735905045
None0,1203.0,1940.0,0.000989119683482
None0,1203.0,1943.0,0.00296735905045
None0,1203.0,1944.0,0.00692383778437
None0,1203.0,1947.0,0.00197823936696
None0,1203.0,1948.0,0.000989119683482
None0,1203.0,1952.0,0.000989119683482
None0,1203.0,1955.0,0.00296735905045
None0,1203.0,1957.0,0.00692383778437
None0,1203.0,1959.0,0.0148367952522
None0,1203.0,1961.0,0.000989119683482
None0,1203.0,1964.0,0.00593471810089
None0,1203.0,1966.0,0.00494559841741
None0,1203.0,1967.0,0.000989119683482
None0,1203.0,1971.0,0.00197823936696
None0,1203.0,1972.0,0.000989119683482
None0,1203.0,1973.0,0.000989119683482
None0,1203.0,1975.0,0.00296735905045
None0,1203.0,1977.0,0.0276953511375
None0,1203.0,1978.0,0.000989119683482
None0,1203.0,1983.0,0.00494559841741
None0,1203.0,1988.0,0.000989119683482
None0,1203.0,1990.0,0.000989119683482
None0,1203.0,1991.0,0.000989119683482
None0,1203.0,1994.0,0.00197823936696
None0,1203.0,1998.0,0.000989119683482
None0,1203.0,1999.0,0.000989119683482
None0,1204.0,0.0,0.00107296137339
None0,1204.0,2.0,0.00590128755365
None0,1204.0,3.0,0.00938841201717
None0,1204.0,4.0,0.00429184549356
None0,1204.0,5.0,0.00187768240343
None0,1204.0,6.0,0.000536480686695
None0,1204.0,7.0,0.00134120171674
None0,1204.0,8.0,0.000804721030043
None0,1204.0,9.0,0.000268240343348
None0,1204.0,10.0,0.000536480686695
None0,1204.0,12.0,0.0115343347639
None0,1204.0,13.0,0.0214592274678
None0,1204.0,14.0,0.000536480686695
None0,1204.0,15.0,0.00134120171674
None0,1204.0,16.0,0.00187768240343
None0,1204.0,17.0,0.00509656652361
None0,1204.0,21.0,0.00402360515021
None0,1204.0,22.0,0.000268240343348
None0,1204.0,23.0,0.000804721030043
None0,1204.0,24.0,0.00214592274678
None0,1204.0,26.0,0.000536480686695
None0,1204.0,27.0,0.0177038626609
None0,1204.0,28.0,0.00697424892704
None0,1204.0,29.0,0.00643776824034
None0,1204.0,30.0,0.00643776824034
None0,1204.0,31.0,0.0128755364807
None0,1204.0,32.0,0.000268240343348
None0,1204.0,33.0,0.00777896995708
None0,1204.0,34.0,0.000536480686695
None0,1204.0,35.0,0.00268240343348
None0,1204.0,36.0,0.00160944206009
None0,1204.0,37.0,0.00804721030043
None0,1204.0,38.0,0.0346030042918
None0,1204.0,39.0,0.00697424892704
None0,1204.0,40.0,0.00214592274678
None0,1204.0,41.0,0.00107296137339
None0,1204.0,42.0,0.00134120171674
None0,1204.0,43.0,0.000536480686695
None0,1204.0,44.0,0.00107296137339
None0,1204.0,45.0,0.00321888412017
None0,1204.0,46.0,0.00214592274678
None0,1204.0,47.0,0.000268240343348
None0,1204.0,49.0,0.00214592274678
None0,1204.0,50.0,0.000804721030043
None0,1204.0,51.0,0.00134120171674
None0,1204.0,52.0,0.000804721030043
None0,1204.0,53.0,0.000268240343348
None0,1204.0,54.0,0.00134120171674
None0,1204.0,55.0,0.000536480686695
None0,1204.0,56.0,0.00107296137339
None0,1204.0,57.0,0.000268240343348
None0,1204.0,58.0,0.00160944206009
None0,1204.0,59.0,0.00107296137339
None0,1204.0,60.0,0.00241416309013
None0,1204.0,61.0,0.000804721030043
None0,1204.0,62.0,0.00107296137339
None0,1204.0,63.0,0.0056330472103
None0,1204.0,64.0,0.000268240343348
None0,1204.0,65.0,0.000536480686695
None0,1204.0,66.0,0.00456008583691
None0,1204.0,67.0,0.00241416309013
None0,1204.0,68.0,0.00214592274678
None0,1204.0,69.0,0.0056330472103
None0,1204.0,70.0,0.000536480686695
None0,1204.0,71.0,0.00107296137339
None0,1204.0,72.0,0.000804721030043
None0,1204.0,73.0,0.000268240343348
None0,1204.0,74.0,0.000804721030043
None0,1204.0,75.0,0.000536480686695
None0,1204.0,77.0,0.00187768240343
None0,1204.0,82.0,0.00241416309013
None0,1204.0,83.0,0.00134120171674
None0,1204.0,84.0,0.000536480686695
None0,1204.0,86.0,0.000268240343348
None0,1204.0,87.0,0.000536480686695
None0,1204.0,88.0,0.00912017167382
None0,1204.0,89.0,0.00348712446352
None0,1204.0,91.0,0.00160944206009
None0,1204.0,93.0,0.000268240343348
None0,1204.0,94.0,0.00160944206009
None0,1204.0,99.0,0.000268240343348
None0,1204.0,104.0,0.000268240343348
None0,1204.0,105.0,0.000536480686695
None0,1204.0,106.0,0.000804721030043
None0,1204.0,110.0,0.000536480686695
None0,1204.0,117.0,0.00107296137339
None0,1204.0,119.0,0.000536480686695
None0,1204.0,122.0,0.000268240343348
None0,1204.0,123.0,0.00187768240343
None0,1204.0,125.0,0.00107296137339
None0,1204.0,126.0,0.000268240343348
None0,1204.0,128.0,0.00375536480687
None0,1204.0,130.0,0.000536480686695
None0,1204.0,134.0,0.000268240343348
None0,1204.0,137.0,0.000268240343348
None0,1204.0,139.0,0.00107296137339
None0,1204.0,140.0,0.00160944206009
None0,1204.0,141.0,0.00107296137339
None0,1204.0,144.0,0.000268240343348
None0,1204.0,147.0,0.000804721030043
None0,1204.0,148.0,0.000536480686695
None0,1204.0,153.0,0.000268240343348
None0,1204.0,154.0,0.000268240343348
None0,1204.0,155.0,0.000536480686695
None0,1204.0,159.0,0.000536480686695
None0,1204.0,163.0,0.000536480686695
None0,1204.0,164.0,0.00107296137339
None0,1204.0,167.0,0.000804721030043
None0,1204.0,168.0,0.000268240343348
None0,1204.0,169.0,0.00456008583691
None0,1204.0,171.0,0.000536480686695
None0,1204.0,172.0,0.000268240343348
None0,1204.0,175.0,0.00107296137339
None0,1204.0,176.0,0.000804721030043
None0,1204.0,177.0,0.00402360515021
None0,1204.0,178.0,0.00670600858369
None0,1204.0,179.0,0.00160944206009
None0,1204.0,180.0,0.00107296137339
None0,1204.0,182.0,0.00107296137339
None0,1204.0,184.0,0.000804721030043
None0,1204.0,185.0,0.000804721030043
None0,1204.0,187.0,0.00831545064378
None0,1204.0,188.0,0.000804721030043
None0,1204.0,189.0,0.00187768240343
None0,1204.0,190.0,0.000536480686695
None0,1204.0,191.0,0.00295064377682
None0,1204.0,192.0,0.00160944206009
None0,1204.0,193.0,0.000268240343348
None0,1204.0,194.0,0.00295064377682
None0,1204.0,195.0,0.0056330472103
None0,1204.0,197.0,0.000268240343348
None0,1204.0,198.0,0.00509656652361
None0,1204.0,199.0,0.00187768240343
None0,1204.0,200.0,0.00187768240343
None0,1204.0,201.0,0.00187768240343
None0,1204.0,203.0,0.000536480686695
None0,1204.0,204.0,0.000268240343348
None0,1204.0,205.0,0.00214592274678
None0,1204.0,210.0,0.000804721030043
None0,1204.0,212.0,0.000268240343348
None0,1204.0,213.0,0.000268240343348
None0,1204.0,214.0,0.000268240343348
None0,1204.0,217.0,0.000268240343348
None0,1204.0,226.0,0.00107296137339
None0,1204.0,227.0,0.00134120171674
None0,1204.0,228.0,0.00751072961373
None0,1204.0,229.0,0.00402360515021
None0,1204.0,230.0,0.000536480686695
None0,1204.0,231.0,0.000268240343348
None0,1204.0,232.0,0.00107296137339
None0,1204.0,233.0,0.00107296137339
None0,1204.0,237.0,0.00134120171674
None0,1204.0,238.0,0.00268240343348
None0,1204.0,239.0,0.000268240343348
None0,1204.0,241.0,0.000536480686695
None0,1204.0,242.0,0.000268240343348
None0,1204.0,243.0,0.00107296137339
None0,1204.0,244.0,0.00187768240343
None0,1204.0,245.0,0.00134120171674
None0,1204.0,246.0,0.0126072961373
None0,1204.0,247.0,0.00348712446352
None0,1204.0,249.0,0.00160944206009
None0,1204.0,250.0,0.00214592274678
None0,1204.0,251.0,0.00375536480687
None0,1204.0,252.0,0.00268240343348
None0,1204.0,253.0,0.00241416309013
None0,1204.0,254.0,0.00214592274678
None0,1204.0,255.0,0.00268240343348
None0,1204.0,256.0,0.000268240343348
None0,1204.0,257.0,0.00241416309013
None0,1204.0,258.0,0.00590128755365
None0,1204.0,259.0,0.00804721030043
None0,1204.0,261.0,0.00402360515021
None0,1204.0,262.0,0.000536480686695
None0,1204.0,263.0,0.000268240343348
None0,1204.0,264.0,0.000268240343348
None0,1204.0,265.0,0.000804721030043
None0,1204.0,266.0,0.00160944206009
None0,1204.0,267.0,0.000804721030043
None0,1204.0,269.0,0.00134120171674
None0,1204.0,270.0,0.00697424892704
None0,1204.0,271.0,0.00187768240343
None0,1204.0,276.0,0.00187768240343
None0,1204.0,277.0,0.000268240343348
None0,1204.0,279.0,0.000268240343348
None0,1204.0,282.0,0.000268240343348
None0,1204.0,286.0,0.00160944206009
None0,1204.0,287.0,0.000268240343348
None0,1204.0,288.0,0.00214592274678
None0,1204.0,290.0,0.00214592274678
None0,1204.0,291.0,0.00241416309013
None0,1204.0,294.0,0.000268240343348
None0,1204.0,296.0,0.000268240343348
None0,1204.0,297.0,0.000804721030043
None0,1204.0,298.0,0.000536480686695
None0,1204.0,301.0,0.00456008583691
None0,1204.0,302.0,0.00107296137339
None0,1204.0,304.0,0.00348712446352
None0,1204.0,305.0,0.000268240343348
None0,1204.0,306.0,0.000804721030043
None0,1204.0,309.0,0.0187768240343
None0,1204.0,310.0,0.0252145922747
None0,1204.0,312.0,0.00268240343348
None0,1204.0,313.0,0.00375536480687
None0,1204.0,314.0,0.00295064377682
None0,1204.0,315.0,0.00348712446352
None0,1204.0,317.0,0.00134120171674
None0,1204.0,319.0,0.013143776824
None0,1204.0,320.0,0.000268240343348
None0,1204.0,323.0,0.00107296137339
None0,1204.0,325.0,0.00160944206009
None0,1204.0,327.0,0.000804721030043
None0,1204.0,331.0,0.000536480686695
None0,1204.0,332.0,0.00107296137339
None0,1204.0,333.0,0.000268240343348
None0,1204.0,334.0,0.000268240343348
None0,1204.0,336.0,0.000268240343348
None0,1204.0,338.0,0.00160944206009
None0,1204.0,339.0,0.000536480686695
None0,1204.0,340.0,0.000536480686695
None0,1204.0,341.0,0.00134120171674
None0,1204.0,343.0,0.000536480686695
None0,1204.0,346.0,0.000804721030043
None0,1204.0,347.0,0.000536480686695
None0,1204.0,348.0,0.00134120171674
None0,1204.0,353.0,0.000268240343348
None0,1204.0,356.0,0.00107296137339
None0,1204.0,357.0,0.000268240343348
None0,1204.0,358.0,0.00187768240343
None0,1204.0,359.0,0.00107296137339
None0,1204.0,360.0,0.000536480686695
None0,1204.0,362.0,0.00187768240343
None0,1204.0,364.0,0.00831545064378
None0,1204.0,365.0,0.00429184549356
None0,1204.0,367.0,0.00160944206009
None0,1204.0,369.0,0.00536480686695
None0,1204.0,370.0,0.00295064377682
None0,1204.0,371.0,0.00402360515021
None0,1204.0,372.0,0.000804721030043
None0,1204.0,373.0,0.000268240343348
None0,1204.0,377.0,0.000268240343348
None0,1204.0,378.0,0.00321888412017
None0,1204.0,379.0,0.00375536480687
None0,1204.0,380.0,0.00268240343348
None0,1204.0,381.0,0.000536480686695
None0,1204.0,382.0,0.00724248927039
None0,1204.0,383.0,0.00160944206009
None0,1204.0,384.0,0.000268240343348
None0,1204.0,386.0,0.000804721030043
None0,1204.0,387.0,0.00348712446352
None0,1204.0,388.0,0.00241416309013
None0,1204.0,389.0,0.00107296137339
None0,1204.0,390.0,0.00402360515021
None0,1204.0,391.0,0.00160944206009
None0,1204.0,394.0,0.00590128755365
None0,1204.0,396.0,0.000268240343348
None0,1204.0,398.0,0.00831545064378
None0,1204.0,399.0,0.000268240343348
None0,1204.0,401.0,0.00107296137339
None0,1204.0,402.0,0.000804721030043
None0,1204.0,403.0,0.00134120171674
None0,1204.0,405.0,0.000804721030043
None0,1204.0,409.0,0.00268240343348
None0,1204.0,410.0,0.000804721030043
None0,1204.0,412.0,0.000536480686695
None0,1204.0,413.0,0.000536480686695
None0,1204.0,415.0,0.0128755364807
None0,1204.0,416.0,0.000536480686695
None0,1204.0,417.0,0.00107296137339
None0,1204.0,419.0,0.00295064377682
None0,1204.0,420.0,0.00643776824034
None0,1204.0,423.0,0.00107296137339
None0,1204.0,424.0,0.00187768240343
None0,1204.0,425.0,0.0056330472103
None0,1204.0,426.0,0.000268240343348
None0,1204.0,428.0,0.000536480686695
None0,1204.0,429.0,0.00268240343348
None0,1204.0,432.0,0.00295064377682
None0,1204.0,433.0,0.000268240343348
None0,1204.0,437.0,0.00241416309013
None0,1204.0,439.0,0.0115343347639
None0,1204.0,440.0,0.00107296137339
None0,1204.0,441.0,0.000268240343348
None0,1204.0,442.0,0.00831545064378
None0,1204.0,445.0,0.00456008583691
None0,1204.0,446.0,0.00268240343348
None0,1204.0,447.0,0.00107296137339
None0,1204.0,450.0,0.00241416309013
None0,1204.0,451.0,0.000268240343348
None0,1204.0,452.0,0.000268240343348
None0,1204.0,453.0,0.00214592274678
None0,1204.0,454.0,0.00321888412017
None0,1204.0,457.0,0.00697424892704
None0,1204.0,458.0,0.00241416309013
None0,1204.0,460.0,0.00134120171674
None0,1204.0,461.0,0.00107296137339
None0,1204.0,462.0,0.00268240343348
None0,1204.0,464.0,0.000268240343348
None0,1204.0,465.0,0.00214592274678
None0,1204.0,466.0,0.00321888412017
None0,1204.0,467.0,0.00509656652361
None0,1204.0,468.0,0.00107296137339
None0,1204.0,469.0,0.00160944206009
None0,1204.0,471.0,0.000268240343348
None0,1204.0,472.0,0.00348712446352
None0,1204.0,473.0,0.00456008583691
None0,1204.0,474.0,0.000536480686695
None0,1204.0,475.0,0.000268240343348
None0,1204.0,478.0,0.00482832618026
None0,1204.0,479.0,0.000536480686695
None0,1204.0,480.0,0.000268240343348
None0,1204.0,481.0,0.000268240343348
None0,1204.0,482.0,0.00160944206009
None0,1204.0,483.0,0.00295064377682
None0,1204.0,484.0,0.00536480686695
None0,1204.0,488.0,0.00321888412017
None0,1204.0,489.0,0.00160944206009
None0,1204.0,490.0,0.00348712446352
None0,1204.0,494.0,0.00187768240343
None0,1204.0,495.0,0.00777896995708
None0,1204.0,496.0,0.00160944206009
None0,1204.0,499.0,0.00134120171674
None0,1204.0,501.0,0.00107296137339
None0,1204.0,502.0,0.000268240343348
None0,1204.0,504.0,0.00134120171674
None0,1204.0,505.0,0.00643776824034
None0,1204.0,506.0,0.00375536480687
None0,1204.0,509.0,0.000268240343348
None0,1204.0,510.0,0.00107296137339
None0,1204.0,511.0,0.000268240343348
None0,1204.0,512.0,0.000268240343348
None0,1204.0,513.0,0.00187768240343
None0,1204.0,515.0,0.00348712446352
None0,1204.0,516.0,0.00509656652361
None0,1204.0,517.0,0.00241416309013
None0,1204.0,519.0,0.00160944206009
None0,1204.0,520.0,0.00107296137339
None0,1204.0,523.0,0.00241416309013
None0,1204.0,524.0,0.000536480686695
None0,1204.0,526.0,0.00509656652361
None0,1204.0,528.0,0.0270922746781
None0,1204.0,530.0,0.000268240343348
None0,1204.0,531.0,0.00670600858369
None0,1204.0,532.0,0.000268240343348
None0,1204.0,533.0,0.00670600858369
None0,1204.0,538.0,0.000268240343348
None0,1204.0,543.0,0.000268240343348
None0,1204.0,545.0,0.00348712446352
None0,1204.0,546.0,0.00670600858369
None0,1204.0,551.0,0.000536480686695
None0,1204.0,552.0,0.000804721030043
None0,1204.0,553.0,0.0136802575107
None0,1204.0,554.0,0.00375536480687
None0,1204.0,555.0,0.00160944206009
None0,1204.0,557.0,0.00456008583691
None0,1204.0,559.0,0.000268240343348
None0,1204.0,561.0,0.00134120171674
None0,1204.0,564.0,0.00348712446352
None0,1204.0,565.0,0.00187768240343
None0,1204.0,566.0,0.000536480686695
None0,1204.0,567.0,0.000804721030043
None0,1204.0,568.0,0.000804721030043
None0,1204.0,569.0,0.000536480686695
None0,1204.0,571.0,0.00134120171674
None0,1204.0,572.0,0.0171673819742
None0,1204.0,574.0,0.000268240343348
None0,1204.0,575.0,0.000536480686695
None0,1204.0,576.0,0.043991416309
None0,1204.0,577.0,0.00107296137339
None0,1204.0,578.0,0.00134120171674
None0,1204.0,579.0,0.000536480686695
None0,1204.0,581.0,0.000536480686695
None0,1204.0,582.0,0.00375536480687
None0,1204.0,583.0,0.000804721030043
None0,1204.0,587.0,0.00107296137339
None0,1204.0,588.0,0.000804721030043
None0,1204.0,590.0,0.00107296137339
None0,1204.0,593.0,0.000536480686695
None0,1204.0,595.0,0.000804721030043
None0,1204.0,596.0,0.000268240343348
None0,1204.0,598.0,0.00107296137339
None0,1204.0,599.0,0.000268240343348
None0,1204.0,601.0,0.000804721030043
None0,1204.0,604.0,0.00187768240343
None0,1204.0,606.0,0.00992489270386
None0,1204.0,608.0,0.000268240343348
None0,1204.0,609.0,0.000536480686695
None0,1204.0,611.0,0.000268240343348
None0,1204.0,612.0,0.00160944206009
None0,1204.0,613.0,0.00187768240343
None0,1204.0,614.0,0.000268240343348
None0,1204.0,615.0,0.00107296137339
None0,1204.0,616.0,0.000268240343348
None0,1204.0,617.0,0.000268240343348
None0,1204.0,620.0,0.00134120171674
None0,1204.0,621.0,0.000804721030043
None0,1204.0,622.0,0.000536480686695
None0,1204.0,623.0,0.00321888412017
None0,1204.0,624.0,0.00134120171674
None0,1204.0,625.0,0.000268240343348
None0,1204.0,629.0,0.000804721030043
None0,1204.0,630.0,0.00885193133047
None0,1204.0,631.0,0.00160944206009
None0,1204.0,632.0,0.000804721030043
None0,1204.0,635.0,0.00134120171674
None0,1204.0,636.0,0.000804721030043
None0,1204.0,637.0,0.00348712446352
None0,1204.0,638.0,0.00160944206009
None0,1204.0,639.0,0.000536480686695
None0,1204.0,640.0,0.000804721030043
None0,1204.0,641.0,0.000268240343348
None0,1204.0,645.0,0.00429184549356
None0,1204.0,649.0,0.000268240343348
None0,1204.0,652.0,0.000268240343348
None0,1204.0,654.0,0.00134120171674
None0,1204.0,655.0,0.000268240343348
None0,1204.0,657.0,0.000268240343348
None0,1204.0,659.0,0.00187768240343
None0,1204.0,661.0,0.000804721030043
None0,1204.0,662.0,0.000268240343348
None0,1204.0,663.0,0.000268240343348
None0,1204.0,664.0,0.000804721030043
None0,1204.0,665.0,0.00590128755365
None0,1204.0,666.0,0.000268240343348
None0,1204.0,667.0,0.00214592274678
None0,1204.0,668.0,0.000268240343348
None0,1204.0,669.0,0.00375536480687
None0,1204.0,670.0,0.00187768240343
None0,1204.0,671.0,0.00107296137339
None0,1204.0,672.0,0.000536480686695
None0,1204.0,673.0,0.00187768240343
None0,1204.0,675.0,0.000268240343348
None0,1204.0,676.0,0.00187768240343
None0,1204.0,677.0,0.000804721030043
None0,1204.0,678.0,0.00134120171674
None0,1204.0,680.0,0.000536480686695
None0,1204.0,681.0,0.00187768240343
None0,1204.0,683.0,0.000536480686695
None0,1204.0,687.0,0.000268240343348
None0,1204.0,690.0,0.000268240343348
None0,1204.0,691.0,0.00321888412017
None0,1204.0,692.0,0.000268240343348
None0,1204.0,694.0,0.000536480686695
None0,1204.0,695.0,0.000804721030043
None0,1204.0,696.0,0.000804721030043
None0,1204.0,697.0,0.000536480686695
None0,1204.0,699.0,0.000268240343348
None0,1204.0,700.0,0.00134120171674
None0,1204.0,702.0,0.000268240343348
None0,1204.0,704.0,0.00992489270386
None0,1204.0,710.0,0.000536480686695
None0,1204.0,711.0,0.000804721030043
None0,1204.0,712.0,0.00107296137339
None0,1204.0,714.0,0.000268240343348
None0,1204.0,715.0,0.000268240343348
None0,1204.0,717.0,0.00214592274678
None0,1204.0,718.0,0.00321888412017
None0,1204.0,720.0,0.000536480686695
None0,1204.0,721.0,0.000268240343348
None0,1204.0,722.0,0.000536480686695
None0,1204.0,723.0,0.00107296137339
None0,1204.0,724.0,0.000536480686695
None0,1204.0,725.0,0.00107296137339
None0,1204.0,726.0,0.00134120171674
None0,1204.0,727.0,0.00187768240343
None0,1204.0,728.0,0.000268240343348
None0,1204.0,729.0,0.000536480686695
None0,1204.0,730.0,0.000536480686695
None0,1204.0,732.0,0.000268240343348
None0,1204.0,733.0,0.000268240343348
None0,1204.0,734.0,0.00134120171674
None0,1204.0,735.0,0.00214592274678
None0,1204.0,736.0,0.000268240343348
None0,1204.0,737.0,0.000536480686695
None0,1204.0,738.0,0.000804721030043
None0,1204.0,739.0,0.00295064377682
None0,1204.0,740.0,0.000268240343348
None0,1204.0,744.0,0.000268240343348
None0,1204.0,745.0,0.000268240343348
None0,1204.0,746.0,0.000268240343348
None0,1204.0,747.0,0.00831545064378
None0,1204.0,751.0,0.00375536480687
None0,1204.0,753.0,0.000804721030043
None0,1204.0,754.0,0.000804721030043
None0,1204.0,760.0,0.000536480686695
None0,1204.0,761.0,0.000536480686695
None0,1204.0,762.0,0.00107296137339
None0,1204.0,763.0,0.000268240343348
None0,1204.0,765.0,0.00107296137339
None0,1204.0,766.0,0.00214592274678
None0,1204.0,768.0,0.00375536480687
None0,1204.0,769.0,0.000268240343348
None0,1204.0,770.0,0.000804721030043
None0,1204.0,772.0,0.00160944206009
None0,1204.0,773.0,0.00160944206009
None0,1204.0,774.0,0.00295064377682
None0,1204.0,775.0,0.000536480686695
None0,1204.0,776.0,0.000268240343348
None0,1204.0,777.0,0.000268240343348
None0,1204.0,778.0,0.000536480686695
None0,1204.0,779.0,0.000268240343348
None0,1204.0,780.0,0.000804721030043
None0,1204.0,781.0,0.000268240343348
None0,1204.0,783.0,0.000536480686695
None0,1204.0,784.0,0.000268240343348
None0,1204.0,785.0,0.00160944206009
None0,1204.0,786.0,0.000268240343348
None0,1204.0,788.0,0.000804721030043
None0,1204.0,789.0,0.000268240343348
None0,1204.0,790.0,0.000536480686695
None0,1204.0,792.0,0.00187768240343
None0,1204.0,793.0,0.00187768240343
None0,1204.0,794.0,0.000268240343348
None0,1204.0,795.0,0.00134120171674
None0,1204.0,798.0,0.000536480686695
None0,1204.0,800.0,0.000268240343348
None0,1204.0,801.0,0.00482832618026
None0,1204.0,802.0,0.00107296137339
None0,1204.0,804.0,0.00375536480687
None0,1204.0,805.0,0.00268240343348
None0,1204.0,806.0,0.000268240343348
None0,1204.0,807.0,0.00456008583691
None0,1204.0,809.0,0.000268240343348
None0,1204.0,810.0,0.000268240343348
None0,1204.0,812.0,0.00107296137339
None0,1204.0,813.0,0.000268240343348
None0,1204.0,816.0,0.00456008583691
None0,1204.0,817.0,0.00241416309013
None0,1204.0,818.0,0.000804721030043
None0,1204.0,822.0,0.000268240343348
None0,1204.0,823.0,0.055525751073
None0,1204.0,824.0,0.0195815450644
None0,1204.0,825.0,0.0450643776824
None0,1204.0,826.0,0.0335300429185
None0,1204.0,827.0,0.00429184549356
None0,1204.0,830.0,0.00160944206009
None0,1204.0,836.0,0.000268240343348
None0,1204.0,839.0,0.00268240343348
None0,1204.0,840.0,0.000268240343348
None0,1204.0,841.0,0.000268240343348
None0,1204.0,843.0,0.00160944206009
None0,1204.0,845.0,0.000804721030043
None0,1204.0,847.0,0.00268240343348
None0,1204.0,848.0,0.00858369098712
None0,1204.0,851.0,0.00134120171674
None0,1204.0,852.0,0.000268240343348
None0,1204.0,853.0,0.000268240343348
None0,1204.0,854.0,0.000268240343348
None0,1204.0,855.0,0.00429184549356
None0,1204.0,856.0,0.000268240343348
None0,1204.0,857.0,0.00482832618026
None0,1204.0,859.0,0.000268240343348
None0,1204.0,861.0,0.00160944206009
None0,1204.0,862.0,0.00241416309013
None0,1204.0,863.0,0.00482832618026
None0,1204.0,864.0,0.00187768240343
None0,1204.0,865.0,0.000536480686695
None0,1204.0,867.0,0.00214592274678
None0,1204.0,868.0,0.000804721030043
None0,1204.0,870.0,0.00107296137339
None0,1204.0,877.0,0.000268240343348
None0,1204.0,882.0,0.000536480686695
None0,1204.0,883.0,0.000804721030043
None0,1204.0,885.0,0.00295064377682
None0,1204.0,887.0,0.000536480686695
None0,1204.0,888.0,0.00134120171674
None0,1204.0,892.0,0.000268240343348
None0,1204.0,893.0,0.000536480686695
None0,1204.0,894.0,0.00134120171674
None0,1204.0,895.0,0.00134120171674
None0,1204.0,896.0,0.000804721030043
None0,1204.0,897.0,0.00107296137339
None0,1204.0,898.0,0.0144849785408
None0,1204.0,900.0,0.000536480686695
None0,1204.0,903.0,0.000268240343348
None0,1204.0,907.0,0.00160944206009
None0,1204.0,908.0,0.000536480686695
None0,1204.0,909.0,0.00107296137339
None0,1204.0,911.0,0.000536480686695
None0,1204.0,912.0,0.000268240343348
None0,1204.0,913.0,0.000268240343348
None0,1204.0,914.0,0.000268240343348
None0,1204.0,915.0,0.000268240343348
None0,1204.0,916.0,0.00107296137339
None0,1204.0,918.0,0.000804721030043
None0,1204.0,922.0,0.000268240343348
None0,1204.0,923.0,0.000536480686695
None0,1204.0,928.0,0.000268240343348
None0,1204.0,929.0,0.000268240343348
None0,1204.0,932.0,0.000268240343348
None0,1204.0,935.0,0.000536480686695
None0,1204.0,937.0,0.00160944206009
None0,1204.0,938.0,0.000268240343348
None0,1204.0,940.0,0.006169527897
None0,1204.0,941.0,0.000536480686695
None0,1204.0,943.0,0.00134120171674
None0,1204.0,944.0,0.00134120171674
None0,1204.0,947.0,0.000268240343348
None0,1204.0,948.0,0.00214592274678
None0,1204.0,949.0,0.000268240343348
None0,1204.0,950.0,0.000536480686695
None0,1204.0,952.0,0.00241416309013
None0,1204.0,953.0,0.00107296137339
None0,1204.0,954.0,0.00697424892704
None0,1204.0,955.0,0.000268240343348
None0,1204.0,957.0,0.00160944206009
None0,1204.0,958.0,0.00107296137339
None0,1204.0,959.0,0.000268240343348
None0,1204.0,960.0,0.000268240343348
None0,1204.0,963.0,0.000536480686695
None0,1204.0,964.0,0.00429184549356
None0,1204.0,966.0,0.00348712446352
None0,1204.0,969.0,0.000536480686695
None0,1204.0,971.0,0.000804721030043
None0,1204.0,972.0,0.00160944206009
None0,1204.0,976.0,0.000536480686695
None0,1204.0,978.0,0.000804721030043
None0,1204.0,981.0,0.000268240343348
None0,1204.0,983.0,0.000536480686695
None0,1204.0,984.0,0.000536480686695
None0,1204.0,985.0,0.000536480686695
None0,1204.0,986.0,0.000536480686695
None0,1204.0,989.0,0.00241416309013
None0,1204.0,990.0,0.00697424892704
None0,1204.0,991.0,0.000268240343348
None0,1204.0,993.0,0.00214592274678
None0,1204.0,994.0,0.000268240343348
None0,1204.0,995.0,0.00107296137339
None0,1204.0,997.0,0.00241416309013
None0,1204.0,999.0,0.00160944206009
None0,1204.0,1000.0,0.000536480686695
None0,1204.0,1001.0,0.00134120171674
None0,1204.0,1003.0,0.00187768240343
None0,1204.0,1004.0,0.000536480686695
None0,1204.0,1006.0,0.000268240343348
None0,1204.0,1007.0,0.000804721030043
None0,1204.0,1009.0,0.00295064377682
None0,1204.0,1010.0,0.000536480686695
None0,1204.0,1011.0,0.000268240343348
None0,1204.0,1013.0,0.000268240343348
None0,1204.0,1014.0,0.00107296137339
None0,1204.0,1015.0,0.019313304721
None0,1204.0,1016.0,0.000268240343348
None0,1204.0,1017.0,0.000804721030043
None0,1204.0,1018.0,0.00187768240343
None0,1204.0,1020.0,0.000804721030043
None0,1204.0,1021.0,0.000268240343348
None0,1204.0,1023.0,0.000268240343348
None0,1204.0,1024.0,0.000268240343348
None0,1204.0,1025.0,0.00214592274678
None0,1204.0,1026.0,0.000268240343348
None0,1204.0,1027.0,0.00268240343348
None0,1204.0,1029.0,0.00107296137339
None0,1204.0,1030.0,0.0675965665236
None0,1204.0,1032.0,0.00134120171674
None0,1204.0,1033.0,0.000268240343348
None0,1204.0,1034.0,0.000268240343348
None0,1204.0,1041.0,0.000536480686695
None0,1204.0,1043.0,0.0115343347639
None0,1204.0,1046.0,0.000804721030043
None0,1204.0,1047.0,0.000536480686695
None0,1204.0,1049.0,0.000804721030043
None0,1204.0,1051.0,0.000804721030043
None0,1204.0,1052.0,0.00429184549356
None0,1204.0,1053.0,0.00697424892704
None0,1204.0,1054.0,0.000804721030043
None0,1204.0,1055.0,0.000268240343348
None0,1204.0,1056.0,0.000804721030043
None0,1204.0,1058.0,0.000536480686695
None0,1204.0,1059.0,0.00214592274678
None0,1204.0,1060.0,0.000804721030043
None0,1204.0,1061.0,0.000804721030043
None0,1204.0,1066.0,0.00160944206009
None0,1204.0,1068.0,0.00509656652361
None0,1204.0,1072.0,0.00643776824034
None0,1204.0,1073.0,0.000268240343348
None0,1204.0,1077.0,0.000536480686695
None0,1204.0,1078.0,0.00187768240343
None0,1204.0,1079.0,0.000804721030043
None0,1204.0,1081.0,0.000268240343348
None0,1204.0,1082.0,0.000268240343348
None0,1204.0,1083.0,0.000804721030043
None0,1204.0,1084.0,0.00348712446352
None0,1204.0,1085.0,0.000536480686695
None0,1204.0,1086.0,0.000804721030043
None0,1204.0,1087.0,0.000268240343348
None0,1204.0,1088.0,0.000804721030043
None0,1204.0,1089.0,0.000536480686695
None0,1204.0,1090.0,0.00160944206009
None0,1204.0,1092.0,0.00107296137339
None0,1204.0,1093.0,0.00214592274678
None0,1204.0,1094.0,0.00187768240343
None0,1204.0,1095.0,0.00134120171674
None0,1204.0,1096.0,0.00107296137339
None0,1204.0,1098.0,0.000804721030043
None0,1204.0,1099.0,0.000268240343348
None0,1204.0,1100.0,0.000804721030043
None0,1204.0,1104.0,0.00134120171674
None0,1204.0,1105.0,0.000536480686695
None0,1204.0,1106.0,0.00214592274678
None0,1204.0,1107.0,0.000536480686695
None0,1204.0,1110.0,0.00107296137339
None0,1204.0,1114.0,0.00160944206009
None0,1204.0,1116.0,0.00241416309013
None0,1204.0,1117.0,0.00402360515021
None0,1204.0,1118.0,0.000536480686695
None0,1204.0,1119.0,0.000268240343348
None0,1204.0,1120.0,0.000536480686695
None0,1204.0,1121.0,0.000268240343348
None0,1204.0,1124.0,0.00268240343348
None0,1204.0,1126.0,0.000804721030043
None0,1204.0,1127.0,0.000536480686695
None0,1204.0,1128.0,0.000536480686695
None0,1204.0,1130.0,0.000268240343348
None0,1204.0,1132.0,0.00268240343348
None0,1204.0,1133.0,0.000268240343348
None0,1204.0,1135.0,0.00241416309013
None0,1204.0,1136.0,0.00965665236052
None0,1204.0,1137.0,0.0056330472103
None0,1204.0,1139.0,0.000804721030043
None0,1204.0,1140.0,0.000804721030043
None0,1204.0,1143.0,0.00134120171674
None0,1204.0,1144.0,0.00214592274678
None0,1204.0,1145.0,0.000804721030043
None0,1204.0,1146.0,0.000804721030043
None0,1204.0,1147.0,0.000268240343348
None0,1204.0,1156.0,0.000268240343348
None0,1204.0,1157.0,0.000804721030043
None0,1204.0,1158.0,0.00348712446352
None0,1204.0,1160.0,0.00938841201717
None0,1204.0,1162.0,0.0101931330472
None0,1204.0,1163.0,0.00107296137339
None0,1204.0,1164.0,0.000536480686695
None0,1204.0,1165.0,0.00160944206009
None0,1204.0,1166.0,0.00134120171674
None0,1204.0,1167.0,0.000268240343348
None0,1204.0,1169.0,0.000268240343348
None0,1204.0,1171.0,0.000536480686695
None0,1204.0,1172.0,0.00268240343348
None0,1204.0,1173.0,0.000268240343348
None0,1204.0,1177.0,0.00456008583691
None0,1204.0,1178.0,0.000268240343348
None0,1204.0,1180.0,0.000268240343348
None0,1204.0,1181.0,0.00134120171674
None0,1204.0,1182.0,0.000268240343348
None0,1204.0,1186.0,0.000804721030043
None0,1204.0,1189.0,0.000268240343348
None0,1204.0,1191.0,0.000536480686695
None0,1204.0,1193.0,0.00348712446352
None0,1204.0,1194.0,0.000268240343348
None0,1204.0,1196.0,0.000268240343348
None0,1204.0,1198.0,0.000804721030043
None0,1204.0,1200.0,0.000536480686695
None0,1204.0,1201.0,0.000536480686695
None0,1204.0,1202.0,0.000268240343348
None0,1204.0,1205.0,0.00536480686695
None0,1204.0,1208.0,0.00134120171674
None0,1204.0,1209.0,0.000268240343348
None0,1204.0,1210.0,0.000268240343348
None0,1204.0,1212.0,0.000268240343348
None0,1204.0,1213.0,0.00107296137339
None0,1204.0,1214.0,0.000804721030043
None0,1204.0,1215.0,0.00268240343348
None0,1204.0,1216.0,0.00375536480687
None0,1204.0,1219.0,0.000268240343348
None0,1204.0,1220.0,0.00107296137339
None0,1204.0,1221.0,0.000268240343348
None0,1204.0,1225.0,0.000536480686695
None0,1204.0,1227.0,0.000268240343348
None0,1204.0,1228.0,0.00321888412017
None0,1204.0,1229.0,0.000268240343348
None0,1204.0,1231.0,0.00107296137339
None0,1204.0,1233.0,0.000804721030043
None0,1204.0,1237.0,0.00402360515021
None0,1204.0,1238.0,0.000268240343348
None0,1204.0,1239.0,0.00268240343348
None0,1204.0,1241.0,0.00268240343348
None0,1204.0,1242.0,0.00107296137339
None0,1204.0,1243.0,0.006169527897
None0,1204.0,1244.0,0.000536480686695
None0,1204.0,1246.0,0.000536480686695
None0,1204.0,1247.0,0.00858369098712
None0,1204.0,1249.0,0.000268240343348
None0,1204.0,1250.0,0.000268240343348
None0,1204.0,1251.0,0.00268240343348
None0,1204.0,1252.0,0.00348712446352
None0,1204.0,1253.0,0.00187768240343
None0,1204.0,1256.0,0.000268240343348
None0,1204.0,1257.0,0.00375536480687
None0,1204.0,1258.0,0.000268240343348
None0,1204.0,1261.0,0.000536480686695
None0,1204.0,1262.0,0.000268240343348
None0,1204.0,1264.0,0.000268240343348
None0,1204.0,1266.0,0.000268240343348
None0,1204.0,1267.0,0.000268240343348
None0,1204.0,1268.0,0.000536480686695
None0,1204.0,1270.0,0.0120708154506
None0,1204.0,1274.0,0.0174356223176
None0,1204.0,1275.0,0.000804721030043
None0,1204.0,1276.0,0.000804721030043
None0,1204.0,1278.0,0.000804721030043
None0,1204.0,1279.0,0.00160944206009
None0,1204.0,1280.0,0.00107296137339
None0,1204.0,1282.0,0.000804721030043
None0,1204.0,1283.0,0.000536480686695
None0,1204.0,1284.0,0.000268240343348
None0,1204.0,1285.0,0.000268240343348
None0,1204.0,1286.0,0.000804721030043
None0,1204.0,1287.0,0.000804721030043
None0,1204.0,1289.0,0.000804721030043
None0,1204.0,1290.0,0.00187768240343
None0,1204.0,1291.0,0.000268240343348
None0,1204.0,1292.0,0.00107296137339
None0,1204.0,1293.0,0.000268240343348
None0,1204.0,1296.0,0.00107296137339
None0,1204.0,1299.0,0.00160944206009
None0,1204.0,1301.0,0.000536480686695
None0,1204.0,1302.0,0.000804721030043
None0,1204.0,1304.0,0.000536480686695
None0,1204.0,1305.0,0.000804721030043
None0,1204.0,1307.0,0.000268240343348
None0,1204.0,1308.0,0.000804721030043
None0,1204.0,1310.0,0.000268240343348
None0,1204.0,1313.0,0.000536480686695
None0,1204.0,1317.0,0.000268240343348
None0,1204.0,1318.0,0.00107296137339
None0,1204.0,1320.0,0.000268240343348
None0,1204.0,1323.0,0.00160944206009
None0,1204.0,1326.0,0.000268240343348
None0,1204.0,1328.0,0.00134120171674
None0,1204.0,1329.0,0.000536480686695
None0,1204.0,1330.0,0.00187768240343
None0,1204.0,1332.0,0.00107296137339
None0,1204.0,1333.0,0.000536480686695
None0,1204.0,1335.0,0.00134120171674
None0,1204.0,1338.0,0.00107296137339
None0,1204.0,1339.0,0.000268240343348
None0,1204.0,1340.0,0.00107296137339
None0,1204.0,1341.0,0.00214592274678
None0,1204.0,1344.0,0.000536480686695
None0,1204.0,1345.0,0.000268240343348
None0,1204.0,1347.0,0.000268240343348
None0,1204.0,1348.0,0.000536480686695
None0,1204.0,1349.0,0.00268240343348
None0,1204.0,1351.0,0.000268240343348
None0,1204.0,1352.0,0.000804721030043
None0,1204.0,1353.0,0.00348712446352
None0,1204.0,1354.0,0.000536480686695
None0,1204.0,1356.0,0.000804721030043
None0,1204.0,1357.0,0.00134120171674
None0,1204.0,1358.0,0.000804721030043
None0,1204.0,1359.0,0.000536480686695
None0,1204.0,1360.0,0.000804721030043
None0,1204.0,1361.0,0.000804721030043
None0,1204.0,1362.0,0.000268240343348
None0,1204.0,1367.0,0.000268240343348
None0,1204.0,1371.0,0.000268240343348
None0,1204.0,1372.0,0.00348712446352
None0,1204.0,1373.0,0.00643776824034
None0,1204.0,1374.0,0.000268240343348
None0,1204.0,1375.0,0.00107296137339
None0,1204.0,1377.0,0.00187768240343
None0,1204.0,1379.0,0.000268240343348
None0,1204.0,1380.0,0.00160944206009
None0,1204.0,1381.0,0.00134120171674
None0,1204.0,1382.0,0.000268240343348
None0,1204.0,1383.0,0.000804721030043
None0,1204.0,1384.0,0.00134120171674
None0,1204.0,1385.0,0.000804721030043
None0,1204.0,1386.0,0.00160944206009
None0,1204.0,1387.0,0.00241416309013
None0,1204.0,1388.0,0.000268240343348
None0,1204.0,1389.0,0.000268240343348
None0,1204.0,1392.0,0.00697424892704
None0,1204.0,1395.0,0.000268240343348
None0,1204.0,1396.0,0.000804721030043
None0,1204.0,1401.0,0.000268240343348
None0,1204.0,1402.0,0.000804721030043
None0,1204.0,1403.0,0.000268240343348
None0,1204.0,1406.0,0.000268240343348
None0,1204.0,1408.0,0.00509656652361
None0,1204.0,1412.0,0.000268240343348
None0,1204.0,1413.0,0.000804721030043
None0,1204.0,1414.0,0.00160944206009
None0,1204.0,1416.0,0.000536480686695
None0,1204.0,1418.0,0.000536480686695
None0,1204.0,1419.0,0.000804721030043
None0,1204.0,1420.0,0.000804721030043
None0,1204.0,1422.0,0.00134120171674
None0,1204.0,1423.0,0.0056330472103
None0,1204.0,1425.0,0.00214592274678
None0,1204.0,1427.0,0.00536480686695
None0,1204.0,1429.0,0.00214592274678
None0,1204.0,1430.0,0.000804721030043
None0,1204.0,1434.0,0.00187768240343
None0,1204.0,1436.0,0.000804721030043
None0,1204.0,1437.0,0.00160944206009
None0,1204.0,1438.0,0.000268240343348
None0,1204.0,1442.0,0.000268240343348
None0,1204.0,1443.0,0.000268240343348
None0,1204.0,1445.0,0.000536480686695
None0,1204.0,1448.0,0.000268240343348
None0,1204.0,1449.0,0.000804721030043
None0,1204.0,1454.0,0.000804721030043
None0,1204.0,1455.0,0.00160944206009
None0,1204.0,1457.0,0.000536480686695
None0,1204.0,1458.0,0.000536480686695
None0,1204.0,1459.0,0.00107296137339
None0,1204.0,1460.0,0.000268240343348
None0,1204.0,1461.0,0.000536480686695
None0,1204.0,1462.0,0.0150214592275
None0,1204.0,1465.0,0.000268240343348
None0,1204.0,1466.0,0.00160944206009
None0,1204.0,1468.0,0.000536480686695
None0,1204.0,1469.0,0.000268240343348
None0,1204.0,1470.0,0.00160944206009
None0,1204.0,1471.0,0.000268240343348
None0,1204.0,1472.0,0.000536480686695
None0,1204.0,1475.0,0.000268240343348
None0,1204.0,1478.0,0.000536480686695
None0,1204.0,1479.0,0.000268240343348
None0,1204.0,1480.0,0.000536480686695
None0,1204.0,1481.0,0.000804721030043
None0,1204.0,1482.0,0.00134120171674
None0,1204.0,1483.0,0.00268240343348
None0,1204.0,1485.0,0.00134120171674
None0,1204.0,1486.0,0.00214592274678
None0,1204.0,1487.0,0.000268240343348
None0,1204.0,1488.0,0.000536480686695
None0,1204.0,1489.0,0.000536480686695
None0,1204.0,1490.0,0.000268240343348
None0,1204.0,1492.0,0.00375536480687
None0,1204.0,1495.0,0.000268240343348
None0,1204.0,1496.0,0.000268240343348
None0,1204.0,1497.0,0.000536480686695
None0,1204.0,1498.0,0.00643776824034
None0,1204.0,1501.0,0.000268240343348
None0,1204.0,1502.0,0.000268240343348
None0,1204.0,1503.0,0.00160944206009
None0,1204.0,1504.0,0.000804721030043
None0,1204.0,1509.0,0.000804721030043
None0,1204.0,1510.0,0.000536480686695
None0,1204.0,1511.0,0.00134120171674
None0,1204.0,1512.0,0.000536480686695
None0,1204.0,1514.0,0.0346030042918
None0,1204.0,1515.0,0.000268240343348
None0,1204.0,1519.0,0.00375536480687
None0,1204.0,1520.0,0.00134120171674
None0,1204.0,1522.0,0.00321888412017
None0,1204.0,1523.0,0.000536480686695
None0,1204.0,1525.0,0.00107296137339
None0,1204.0,1526.0,0.00214592274678
None0,1204.0,1528.0,0.000268240343348
None0,1204.0,1529.0,0.000804721030043
None0,1204.0,1530.0,0.000536480686695
None0,1204.0,1535.0,0.000268240343348
None0,1204.0,1538.0,0.000804721030043
None0,1204.0,1540.0,0.000268240343348
None0,1204.0,1541.0,0.000804721030043
None0,1204.0,1542.0,0.000268240343348
None0,1204.0,1543.0,0.000268240343348
None0,1204.0,1544.0,0.000536480686695
None0,1204.0,1545.0,0.00214592274678
None0,1204.0,1547.0,0.000804721030043
None0,1204.0,1550.0,0.000804721030043
None0,1204.0,1551.0,0.00107296137339
None0,1204.0,1554.0,0.00107296137339
None0,1204.0,1555.0,0.00187768240343
None0,1204.0,1556.0,0.000268240343348
None0,1204.0,1557.0,0.00107296137339
None0,1204.0,1559.0,0.00134120171674
None0,1204.0,1560.0,0.000268240343348
None0,1204.0,1561.0,0.000536480686695
None0,1204.0,1562.0,0.000536480686695
None0,1204.0,1563.0,0.00214592274678
None0,1204.0,1565.0,0.00134120171674
None0,1204.0,1566.0,0.00429184549356
None0,1204.0,1568.0,0.000268240343348
None0,1204.0,1569.0,0.000804721030043
None0,1204.0,1570.0,0.00992489270386
None0,1204.0,1572.0,0.000268240343348
None0,1204.0,1573.0,0.000804721030043
None0,1204.0,1574.0,0.000804721030043
None0,1204.0,1576.0,0.000804721030043
None0,1204.0,1579.0,0.000536480686695
None0,1204.0,1580.0,0.00268240343348
None0,1204.0,1581.0,0.00375536480687
None0,1204.0,1585.0,0.000268240343348
None0,1204.0,1586.0,0.00482832618026
None0,1204.0,1588.0,0.000804721030043
None0,1204.0,1589.0,0.00214592274678
None0,1204.0,1593.0,0.00134120171674
None0,1204.0,1597.0,0.0144849785408
None0,1204.0,1599.0,0.00643776824034
None0,1204.0,1604.0,0.00160944206009
None0,1204.0,1605.0,0.00777896995708
None0,1204.0,1608.0,0.000536480686695
None0,1204.0,1612.0,0.000536480686695
None0,1204.0,1613.0,0.00107296137339
None0,1204.0,1615.0,0.000804721030043
None0,1204.0,1616.0,0.00187768240343
None0,1204.0,1617.0,0.000268240343348
None0,1204.0,1618.0,0.000536480686695
None0,1204.0,1619.0,0.000268240343348
None0,1204.0,1621.0,0.00214592274678
None0,1204.0,1622.0,0.000268240343348
None0,1204.0,1623.0,0.000268240343348
None0,1204.0,1624.0,0.000268240343348
None0,1204.0,1625.0,0.00375536480687
None0,1204.0,1626.0,0.000804721030043
None0,1204.0,1627.0,0.000536480686695
None0,1204.0,1628.0,0.00348712446352
None0,1204.0,1630.0,0.00160944206009
None0,1204.0,1631.0,0.000536480686695
None0,1204.0,1633.0,0.00160944206009
None0,1204.0,1634.0,0.000804721030043
None0,1204.0,1637.0,0.00268240343348
None0,1204.0,1639.0,0.000804721030043
None0,1204.0,1640.0,0.006169527897
None0,1204.0,1642.0,0.000804721030043
None0,1204.0,1648.0,0.000536480686695
None0,1204.0,1649.0,0.000536480686695
None0,1204.0,1650.0,0.000268240343348
None0,1204.0,1651.0,0.00187768240343
None0,1204.0,1654.0,0.000536480686695
None0,1204.0,1655.0,0.00187768240343
None0,1204.0,1656.0,0.00160944206009
None0,1204.0,1657.0,0.000268240343348
None0,1204.0,1660.0,0.00134120171674
None0,1204.0,1662.0,0.000804721030043
None0,1204.0,1664.0,0.00187768240343
None0,1204.0,1665.0,0.000268240343348
None0,1204.0,1667.0,0.000268240343348
None0,1204.0,1676.0,0.000268240343348
None0,1204.0,1677.0,0.000536480686695
None0,1204.0,1680.0,0.000536480686695
None0,1204.0,1681.0,0.00134120171674
None0,1204.0,1682.0,0.00187768240343
None0,1204.0,1683.0,0.000804721030043
None0,1204.0,1684.0,0.000268240343348
None0,1204.0,1685.0,0.00160944206009
None0,1204.0,1686.0,0.000536480686695
None0,1204.0,1688.0,0.000268240343348
None0,1204.0,1689.0,0.000536480686695
None0,1204.0,1691.0,0.000536480686695
None0,1204.0,1693.0,0.000268240343348
None0,1204.0,1694.0,0.000268240343348
None0,1204.0,1695.0,0.00107296137339
None0,1204.0,1696.0,0.000804721030043
None0,1204.0,1697.0,0.000536480686695
None0,1204.0,1698.0,0.000536480686695
None0,1204.0,1699.0,0.00107296137339
None0,1204.0,1700.0,0.00134120171674
None0,1204.0,1701.0,0.000268240343348
None0,1204.0,1702.0,0.00912017167382
None0,1204.0,1703.0,0.000268240343348
None0,1204.0,1704.0,0.00295064377682
None0,1204.0,1705.0,0.000268240343348
None0,1204.0,1706.0,0.006169527897
None0,1204.0,1707.0,0.000268240343348
None0,1204.0,1708.0,0.00134120171674
None0,1204.0,1709.0,0.000268240343348
None0,1204.0,1710.0,0.0109978540773
None0,1204.0,1711.0,0.00107296137339
None0,1204.0,1712.0,0.00912017167382
None0,1204.0,1715.0,0.00134120171674
None0,1204.0,1716.0,0.006169527897
None0,1204.0,1717.0,0.0152896995708
None0,1204.0,1719.0,0.000268240343348
None0,1204.0,1721.0,0.000268240343348
None0,1204.0,1723.0,0.000268240343348
None0,1204.0,1724.0,0.000536480686695
None0,1204.0,1727.0,0.000536480686695
None0,1204.0,1728.0,0.00187768240343
None0,1204.0,1730.0,0.000804721030043
None0,1204.0,1731.0,0.000804721030043
None0,1204.0,1732.0,0.000268240343348
None0,1204.0,1733.0,0.00134120171674
None0,1204.0,1735.0,0.00107296137339
None0,1204.0,1736.0,0.000536480686695
None0,1204.0,1737.0,0.00268240343348
None0,1204.0,1740.0,0.000268240343348
None0,1204.0,1742.0,0.00107296137339
None0,1204.0,1744.0,0.000536480686695
None0,1204.0,1746.0,0.000804721030043
None0,1204.0,1747.0,0.000536480686695
None0,1204.0,1748.0,0.00107296137339
None0,1204.0,1749.0,0.0056330472103
None0,1204.0,1752.0,0.000268240343348
None0,1204.0,1754.0,0.000536480686695
None0,1204.0,1755.0,0.00402360515021
None0,1204.0,1756.0,0.00214592274678
None0,1204.0,1757.0,0.000536480686695
None0,1204.0,1758.0,0.000536480686695
None0,1204.0,1759.0,0.000536480686695
None0,1204.0,1761.0,0.000536480686695
None0,1204.0,1762.0,0.000268240343348
None0,1204.0,1763.0,0.000536480686695
None0,1204.0,1764.0,0.000804721030043
None0,1204.0,1765.0,0.00134120171674
None0,1204.0,1766.0,0.00402360515021
None0,1204.0,1767.0,0.000268240343348
None0,1204.0,1771.0,0.000804721030043
None0,1204.0,1773.0,0.000536480686695
None0,1204.0,1775.0,0.00912017167382
None0,1204.0,1776.0,0.00187768240343
None0,1204.0,1778.0,0.000268240343348
None0,1204.0,1779.0,0.000536480686695
None0,1204.0,1780.0,0.000268240343348
None0,1204.0,1781.0,0.000268240343348
None0,1204.0,1782.0,0.000268240343348
None0,1204.0,1783.0,0.00643776824034
None0,1204.0,1784.0,0.000268240343348
None0,1204.0,1785.0,0.00134120171674
None0,1204.0,1786.0,0.000268240343348
None0,1204.0,1787.0,0.000536480686695
None0,1204.0,1789.0,0.000268240343348
None0,1204.0,1790.0,0.000268240343348
None0,1204.0,1794.0,0.000804721030043
None0,1204.0,1796.0,0.00107296137339
None0,1204.0,1797.0,0.00160944206009
None0,1204.0,1798.0,0.000268240343348
None0,1204.0,1799.0,0.000268240343348
None0,1204.0,1800.0,0.000804721030043
None0,1204.0,1802.0,0.000536480686695
None0,1204.0,1803.0,0.00160944206009
None0,1204.0,1804.0,0.000268240343348
None0,1204.0,1805.0,0.00160944206009
None0,1204.0,1806.0,0.00134120171674
None0,1204.0,1809.0,0.000804721030043
None0,1204.0,1811.0,0.000536480686695
None0,1204.0,1812.0,0.000536480686695
None0,1204.0,1813.0,0.000804721030043
None0,1204.0,1814.0,0.00482832618026
None0,1204.0,1816.0,0.00214592274678
None0,1204.0,1818.0,0.00482832618026
None0,1204.0,1821.0,0.000536480686695
None0,1204.0,1822.0,0.000536480686695
None0,1204.0,1823.0,0.000536480686695
None0,1204.0,1824.0,0.000804721030043
None0,1204.0,1825.0,0.000268240343348
None0,1204.0,1827.0,0.00187768240343
None0,1204.0,1828.0,0.000536480686695
None0,1204.0,1829.0,0.000804721030043
None0,1204.0,1830.0,0.000268240343348
None0,1204.0,1833.0,0.000268240343348
None0,1204.0,1834.0,0.000268240343348
None0,1204.0,1836.0,0.000268240343348
None0,1204.0,1837.0,0.000268240343348
None0,1204.0,1839.0,0.000804721030043
None0,1204.0,1841.0,0.000268240343348
None0,1204.0,1844.0,0.00241416309013
None0,1204.0,1846.0,0.00295064377682
None0,1204.0,1847.0,0.00107296137339
None0,1204.0,1848.0,0.000536480686695
None0,1204.0,1849.0,0.000536480686695
None0,1204.0,1850.0,0.000536480686695
None0,1204.0,1851.0,0.006169527897
None0,1204.0,1858.0,0.00134120171674
None0,1204.0,1859.0,0.000804721030043
None0,1204.0,1860.0,0.00107296137339
None0,1204.0,1861.0,0.000804721030043
None0,1204.0,1866.0,0.000536480686695
None0,1204.0,1867.0,0.000268240343348
None0,1204.0,1871.0,0.0134120171674
None0,1204.0,1872.0,0.000268240343348
None0,1204.0,1873.0,0.000268240343348
None0,1204.0,1874.0,0.00134120171674
None0,1204.0,1875.0,0.000268240343348
None0,1204.0,1877.0,0.00107296137339
None0,1204.0,1878.0,0.000268240343348
None0,1204.0,1879.0,0.000268240343348
None0,1204.0,1880.0,0.000268240343348
None0,1204.0,1881.0,0.000268240343348
None0,1204.0,1882.0,0.00375536480687
None0,1204.0,1884.0,0.00134120171674
None0,1204.0,1886.0,0.000268240343348
None0,1204.0,1888.0,0.000536480686695
None0,1204.0,1889.0,0.000268240343348
None0,1204.0,1891.0,0.000536480686695
None0,1204.0,1893.0,0.00187768240343
None0,1204.0,1894.0,0.000268240343348
None0,1204.0,1895.0,0.000804721030043
None0,1204.0,1896.0,0.000536480686695
None0,1204.0,1897.0,0.00134120171674
None0,1204.0,1899.0,0.00214592274678
None0,1204.0,1900.0,0.000268240343348
None0,1204.0,1901.0,0.00643776824034
None0,1204.0,1902.0,0.000268240343348
None0,1204.0,1904.0,0.00429184549356
None0,1204.0,1907.0,0.000536480686695
None0,1204.0,1908.0,0.000268240343348
None0,1204.0,1911.0,0.000804721030043
None0,1204.0,1912.0,0.000268240343348
None0,1204.0,1913.0,0.000268240343348
None0,1204.0,1915.0,0.00160944206009
None0,1204.0,1920.0,0.00107296137339
None0,1204.0,1922.0,0.00134120171674
None0,1204.0,1923.0,0.000268240343348
None0,1204.0,1924.0,0.00107296137339
None0,1204.0,1925.0,0.00241416309013
None0,1204.0,1926.0,0.000268240343348
None0,1204.0,1927.0,0.00134120171674
None0,1204.0,1928.0,0.00160944206009
None0,1204.0,1930.0,0.000268240343348
None0,1204.0,1931.0,0.000268240343348
None0,1204.0,1933.0,0.000268240343348
None0,1204.0,1934.0,0.000804721030043
None0,1204.0,1935.0,0.000804721030043
None0,1204.0,1937.0,0.000268240343348
None0,1204.0,1939.0,0.000804721030043
None0,1204.0,1940.0,0.000268240343348
None0,1204.0,1942.0,0.00134120171674
None0,1204.0,1943.0,0.000268240343348
None0,1204.0,1944.0,0.0056330472103
None0,1204.0,1946.0,0.000268240343348
None0,1204.0,1947.0,0.000268240343348
None0,1204.0,1948.0,0.00295064377682
None0,1204.0,1949.0,0.000268240343348
None0,1204.0,1950.0,0.000268240343348
None0,1204.0,1952.0,0.000268240343348
None0,1204.0,1953.0,0.00107296137339
None0,1204.0,1954.0,0.000268240343348
None0,1204.0,1957.0,0.000804721030043
None0,1204.0,1959.0,0.00482832618026
None0,1204.0,1960.0,0.000536480686695
None0,1204.0,1961.0,0.000268240343348
None0,1204.0,1962.0,0.000268240343348
None0,1204.0,1963.0,0.000268240343348
None0,1204.0,1964.0,0.00295064377682
None0,1204.0,1965.0,0.00107296137339
None0,1204.0,1966.0,0.0155579399142
None0,1204.0,1967.0,0.000268240343348
None0,1204.0,1970.0,0.000268240343348
None0,1204.0,1972.0,0.0056330472103
None0,1204.0,1973.0,0.00402360515021
None0,1204.0,1975.0,0.00134120171674
None0,1204.0,1976.0,0.000268240343348
None0,1204.0,1977.0,0.0056330472103
None0,1204.0,1979.0,0.000268240343348
None0,1204.0,1982.0,0.000268240343348
None0,1204.0,1983.0,0.000804721030043
None0,1204.0,1985.0,0.000268240343348
None0,1204.0,1986.0,0.000268240343348
None0,1204.0,1988.0,0.000804721030043
None0,1204.0,1991.0,0.00134120171674
None0,1204.0,1992.0,0.00107296137339
None0,1204.0,1994.0,0.00134120171674
None0,1204.0,1997.0,0.000268240343348
None0,1204.0,1998.0,0.000536480686695
None0,1204.0,1999.0,0.00160944206009
None0,1205.0,0.0,0.00185942729639
None0,1205.0,1.0,5.31264941826e-05
None0,1205.0,2.0,0.00143441534293
None0,1205.0,3.0,0.00531264941826
None0,1205.0,4.0,0.00472825798226
None0,1205.0,5.0,0.00260319821495
None0,1205.0,6.0,0.000690644424374
None0,1205.0,7.0,0.000212505976731
None0,1205.0,10.0,0.000212505976731
None0,1205.0,12.0,0.00850023906922
None0,1205.0,13.0,0.0140253944642
None0,1205.0,14.0,0.000637517930192
None0,1205.0,15.0,0.000531264941826
None0,1205.0,16.0,0.000584391436009
None0,1205.0,17.0,0.0012219093662
None0,1205.0,21.0,0.00079689741274
None0,1205.0,23.0,0.000371885459279
None0,1205.0,24.0,0.000956276895288
None0,1205.0,26.0,0.000371885459279
None0,1205.0,27.0,0.0100940338947
None0,1205.0,28.0,0.00345322212187
None0,1205.0,29.0,0.00738458269139
None0,1205.0,30.0,0.00626892631355
None0,1205.0,31.0,0.00100940338947
None0,1205.0,33.0,0.00865961855177
None0,1205.0,34.0,0.000690644424374
None0,1205.0,35.0,0.00207193327312
None0,1205.0,36.0,0.000850023906922
None0,1205.0,37.0,0.0108378048133
None0,1205.0,38.0,0.0417042979334
None0,1205.0,39.0,0.00653455878447
None0,1205.0,40.0,0.00865961855177
None0,1205.0,41.0,0.00515326993572
None0,1205.0,42.0,0.00430324602879
None0,1205.0,43.0,0.00345322212187
None0,1205.0,44.0,0.00371885459279
None0,1205.0,45.0,0.00595016734846
None0,1205.0,46.0,0.00876587154014
None0,1205.0,47.0,0.005525155395
None0,1205.0,48.0,0.000212505976731
None0,1205.0,49.0,0.0109971842958
None0,1205.0,50.0,0.000106252988365
None0,1205.0,51.0,0.00504701694735
None0,1205.0,52.0,0.00557828188918
None0,1205.0,53.0,0.00191255379058
None0,1205.0,54.0,0.00440949901716
None0,1205.0,55.0,0.000903150401105
None0,1205.0,56.0,0.00355947511024
None0,1205.0,57.0,0.00185942729639
None0,1205.0,58.0,0.00749083567975
None0,1205.0,59.0,0.00308133666259
None0,1205.0,60.0,0.00701269723211
None0,1205.0,61.0,0.00499389045317
None0,1205.0,62.0,0.00589704085427
None0,1205.0,63.0,0.0174254900919
None0,1205.0,64.0,0.00260319821495
None0,1205.0,65.0,0.00223131275567
None0,1205.0,66.0,0.0101471603889
None0,1205.0,67.0,0.00536577591245
None0,1205.0,68.0,0.00653455878447
None0,1205.0,69.0,0.0210912181905
None0,1205.0,70.0,5.31264941826e-05
None0,1205.0,71.0,0.000159379482548
None0,1205.0,72.0,5.31264941826e-05
None0,1205.0,73.0,0.000159379482548
None0,1205.0,74.0,0.000265632470913
None0,1205.0,77.0,0.000371885459279
None0,1205.0,79.0,5.31264941826e-05
None0,1205.0,82.0,0.000531264941826
None0,1205.0,83.0,0.000159379482548
None0,1205.0,84.0,0.000159379482548
None0,1205.0,88.0,0.00143441534293
None0,1205.0,89.0,0.000903150401105
None0,1205.0,91.0,0.00079689741274
None0,1205.0,92.0,5.31264941826e-05
None0,1205.0,93.0,0.000212505976731
None0,1205.0,94.0,0.00281570419168
None0,1205.0,95.0,0.000531264941826
None0,1205.0,96.0,0.000159379482548
None0,1205.0,97.0,5.31264941826e-05
None0,1205.0,100.0,5.31264941826e-05
None0,1205.0,101.0,0.00079689741274
None0,1205.0,102.0,0.0012219093662
None0,1205.0,103.0,0.000159379482548
None0,1205.0,104.0,0.000850023906922
None0,1205.0,105.0,0.00164692131966
None0,1205.0,106.0,0.00435637252298
None0,1205.0,107.0,0.00180630080221
None0,1205.0,108.0,0.000212505976731
None0,1205.0,109.0,0.000159379482548
None0,1205.0,110.0,0.000371885459279
None0,1205.0,111.0,0.000212505976731
None0,1205.0,113.0,0.000743770918557
None0,1205.0,114.0,0.000159379482548
None0,1205.0,115.0,0.000690644424374
None0,1205.0,116.0,0.000265632470913
None0,1205.0,117.0,0.00340009562769
None0,1205.0,119.0,0.00148754183711
None0,1205.0,120.0,0.000531264941826
None0,1205.0,121.0,0.000106252988365
None0,1205.0,122.0,0.00116878287202
None0,1205.0,123.0,0.00233756574404
None0,1205.0,125.0,0.00440949901716
None0,1205.0,126.0,0.000265632470913
None0,1205.0,128.0,0.0162035807257
None0,1205.0,129.0,0.000106252988365
None0,1205.0,130.0,0.00132816235457
None0,1205.0,131.0,0.00127503586038
None0,1205.0,133.0,0.000371885459279
None0,1205.0,134.0,0.000212505976731
None0,1205.0,136.0,0.000212505976731
None0,1205.0,137.0,0.000584391436009
None0,1205.0,139.0,0.00265632470913
None0,1205.0,140.0,0.00100940338947
None0,1205.0,141.0,0.0015406683313
None0,1205.0,144.0,0.000371885459279
None0,1205.0,146.0,0.000371885459279
None0,1205.0,147.0,0.00228443924985
None0,1205.0,148.0,0.00100940338947
None0,1205.0,150.0,5.31264941826e-05
None0,1205.0,151.0,5.31264941826e-05
None0,1205.0,152.0,5.31264941826e-05
None0,1205.0,153.0,0.00159379482548
None0,1205.0,154.0,0.00127503586038
None0,1205.0,155.0,0.00308133666259
None0,1205.0,157.0,5.31264941826e-05
None0,1205.0,159.0,0.000212505976731
None0,1205.0,161.0,0.000265632470913
None0,1205.0,162.0,5.31264941826e-05
None0,1205.0,163.0,0.000584391436009
None0,1205.0,164.0,0.00286883068586
None0,1205.0,166.0,5.31264941826e-05
None0,1205.0,167.0,0.000956276895288
None0,1205.0,168.0,0.0015406683313
None0,1205.0,169.0,0.00249694522658
None0,1205.0,171.0,0.000531264941826
None0,1205.0,172.0,0.000212505976731
None0,1205.0,175.0,0.000212505976731
None0,1205.0,176.0,0.000478138447644
None0,1205.0,177.0,0.00988152791797
None0,1205.0,178.0,0.00510014344153
None0,1205.0,179.0,0.00435637252298
None0,1205.0,180.0,0.00164692131966
None0,1205.0,181.0,5.31264941826e-05
None0,1205.0,182.0,0.00377198108697
None0,1205.0,184.0,0.00100940338947
None0,1205.0,185.0,0.00148754183711
None0,1205.0,186.0,0.000159379482548
None0,1205.0,187.0,0.00680019125538
None0,1205.0,188.0,0.00079689741274
None0,1205.0,189.0,0.00143441534293
None0,1205.0,190.0,0.000690644424374
None0,1205.0,191.0,0.00223131275567
None0,1205.0,192.0,0.00807522711576
None0,1205.0,193.0,0.000371885459279
None0,1205.0,194.0,0.00318758965096
None0,1205.0,195.0,0.0208255857196
None0,1205.0,198.0,0.00265632470913
None0,1205.0,199.0,0.00499389045317
None0,1205.0,200.0,0.00456887849971
None0,1205.0,201.0,0.000743770918557
None0,1205.0,203.0,0.00345322212187
None0,1205.0,204.0,0.000265632470913
None0,1205.0,205.0,0.00196568028476
None0,1205.0,210.0,0.000318758965096
None0,1205.0,213.0,0.000159379482548
None0,1205.0,217.0,0.000159379482548
None0,1205.0,221.0,0.000106252988365
None0,1205.0,222.0,0.000159379482548
None0,1205.0,225.0,5.31264941826e-05
None0,1205.0,226.0,5.31264941826e-05
None0,1205.0,227.0,0.00249694522658
None0,1205.0,228.0,0.0232162779578
None0,1205.0,229.0,0.0201349412952
None0,1205.0,230.0,0.00111565637784
None0,1205.0,231.0,0.005525155395
None0,1205.0,232.0,0.000584391436009
None0,1205.0,233.0,0.000265632470913
None0,1205.0,236.0,0.000371885459279
None0,1205.0,237.0,0.0107846783191
None0,1205.0,238.0,0.00334696913351
None0,1205.0,239.0,0.000371885459279
None0,1205.0,241.0,0.00180630080221
None0,1205.0,242.0,0.000318758965096
None0,1205.0,243.0,0.000637517930192
None0,1205.0,244.0,0.000318758965096
None0,1205.0,245.0,0.00079689741274
None0,1205.0,246.0,0.00175317430803
None0,1205.0,247.0,0.00377198108697
None0,1205.0,248.0,0.00079689741274
None0,1205.0,249.0,0.00255007172077
None0,1205.0,250.0,0.0149816713595
None0,1205.0,251.0,0.00467513148807
None0,1205.0,252.0,0.00217818626149
None0,1205.0,253.0,0.000850023906922
None0,1205.0,254.0,0.00510014344153
None0,1205.0,255.0,0.00865961855177
None0,1205.0,256.0,0.00233756574404
None0,1205.0,257.0,0.0129097380864
None0,1205.0,258.0,0.00419699304043
None0,1205.0,259.0,0.0112628167667
None0,1205.0,260.0,0.000371885459279
None0,1205.0,261.0,0.006109546831
None0,1205.0,262.0,5.31264941826e-05
None0,1205.0,263.0,0.000531264941826
None0,1205.0,264.0,0.000106252988365
None0,1205.0,265.0,5.31264941826e-05
None0,1205.0,266.0,0.00802210062158
None0,1205.0,267.0,0.00324071614514
None0,1205.0,269.0,0.000531264941826
None0,1205.0,270.0,0.00664081177283
None0,1205.0,271.0,0.00228443924985
None0,1205.0,275.0,0.000371885459279
None0,1205.0,276.0,0.00191255379058
None0,1205.0,278.0,5.31264941826e-05
None0,1205.0,279.0,5.31264941826e-05
None0,1205.0,281.0,5.31264941826e-05
None0,1205.0,282.0,0.000159379482548
None0,1205.0,286.0,0.00425011953461
None0,1205.0,287.0,0.00669393826701
None0,1205.0,288.0,0.00212505976731
None0,1205.0,290.0,0.00196568028476
None0,1205.0,291.0,0.00143441534293
None0,1205.0,296.0,0.000106252988365
None0,1205.0,297.0,0.000425011953461
None0,1205.0,298.0,0.000371885459279
None0,1205.0,299.0,5.31264941826e-05
None0,1205.0,301.0,0.00536577591245
None0,1205.0,302.0,0.00467513148807
None0,1205.0,303.0,0.000425011953461
None0,1205.0,304.0,0.00430324602879
None0,1205.0,305.0,5.31264941826e-05
None0,1205.0,306.0,0.0039844870637
None0,1205.0,309.0,0.11177814376
None0,1205.0,310.0,0.0180098815279
None0,1205.0,311.0,5.31264941826e-05
None0,1205.0,312.0,0.000106252988365
None0,1205.0,313.0,0.00292195718005
None0,1205.0,314.0,0.00228443924985
None0,1205.0,315.0,0.00170004781384
None0,1205.0,317.0,0.00159379482548
None0,1205.0,319.0,0.017744249057
None0,1205.0,320.0,0.000159379482548
None0,1205.0,322.0,5.31264941826e-05
None0,1205.0,323.0,0.000425011953461
None0,1205.0,324.0,0.000212505976731
None0,1205.0,325.0,0.00106252988365
None0,1205.0,327.0,0.000159379482548
None0,1205.0,328.0,0.000159379482548
None0,1205.0,330.0,5.31264941826e-05
None0,1205.0,331.0,0.000265632470913
None0,1205.0,332.0,0.000478138447644
None0,1205.0,333.0,0.00106252988365
None0,1205.0,336.0,5.31264941826e-05
None0,1205.0,338.0,0.00079689741274
None0,1205.0,339.0,0.000425011953461
None0,1205.0,340.0,0.000265632470913
None0,1205.0,341.0,0.000850023906922
None0,1205.0,342.0,5.31264941826e-05
None0,1205.0,343.0,5.31264941826e-05
None0,1205.0,344.0,5.31264941826e-05
None0,1205.0,346.0,0.000265632470913
None0,1205.0,347.0,0.000531264941826
None0,1205.0,348.0,0.000690644424374
None0,1205.0,349.0,0.000106252988365
None0,1205.0,351.0,0.000106252988365
None0,1205.0,352.0,0.000106252988365
None0,1205.0,353.0,5.31264941826e-05
None0,1205.0,354.0,0.000106252988365
None0,1205.0,355.0,0.000159379482548
None0,1205.0,356.0,0.000956276895288
None0,1205.0,357.0,0.000159379482548
None0,1205.0,358.0,0.000850023906922
None0,1205.0,359.0,0.000318758965096
None0,1205.0,360.0,0.000371885459279
None0,1205.0,361.0,0.000106252988365
None0,1205.0,362.0,0.00079689741274
None0,1205.0,363.0,5.31264941826e-05
None0,1205.0,364.0,0.0506826754502
None0,1205.0,365.0,0.00409074005206
None0,1205.0,367.0,0.00212505976731
None0,1205.0,369.0,0.00425011953461
None0,1205.0,370.0,0.00223131275567
None0,1205.0,371.0,0.00669393826701
None0,1205.0,372.0,0.00286883068586
None0,1205.0,373.0,0.000265632470913
None0,1205.0,376.0,0.00180630080221
None0,1205.0,377.0,0.00456887849971
None0,1205.0,378.0,0.00409074005206
None0,1205.0,379.0,0.0205599532487
None0,1205.0,380.0,0.0112628167667
None0,1205.0,381.0,0.0027625776975
None0,1205.0,382.0,0.00191255379058
None0,1205.0,383.0,0.00228443924985
None0,1205.0,384.0,0.000159379482548
None0,1205.0,386.0,0.000637517930192
None0,1205.0,387.0,0.0291664453063
None0,1205.0,388.0,0.000212505976731
None0,1205.0,389.0,0.00536577591245
None0,1205.0,390.0,0.00302821016841
None0,1205.0,391.0,0.00850023906922
None0,1205.0,392.0,5.31264941826e-05
None0,1205.0,393.0,0.000265632470913
None0,1205.0,394.0,0.00334696913351
None0,1205.0,395.0,5.31264941826e-05
None0,1205.0,397.0,5.31264941826e-05
None0,1205.0,398.0,0.00499389045317
None0,1205.0,399.0,0.000106252988365
None0,1205.0,401.0,0.000159379482548
None0,1205.0,402.0,0.000265632470913
None0,1205.0,403.0,0.00159379482548
None0,1205.0,405.0,0.000265632470913
None0,1205.0,407.0,0.000159379482548
None0,1205.0,408.0,5.31264941826e-05
None0,1205.0,409.0,0.00504701694735
None0,1205.0,410.0,5.31264941826e-05
None0,1205.0,411.0,0.00196568028476
None0,1205.0,412.0,5.31264941826e-05
None0,1205.0,413.0,0.000159379482548
None0,1205.0,415.0,0.00403761355788
None0,1205.0,416.0,0.000159379482548
None0,1205.0,417.0,0.00185942729639
None0,1205.0,419.0,0.00387823407533
None0,1205.0,420.0,0.00324071614514
None0,1205.0,422.0,5.31264941826e-05
None0,1205.0,423.0,0.000106252988365
None0,1205.0,424.0,0.00961589544706
None0,1205.0,425.0,0.00286883068586
None0,1205.0,426.0,0.00499389045317
None0,1205.0,427.0,0.000212505976731
None0,1205.0,428.0,0.0027625776975
None0,1205.0,429.0,0.00807522711576
None0,1205.0,432.0,0.00292195718005
None0,1205.0,433.0,0.000159379482548
None0,1205.0,437.0,0.00164692131966
None0,1205.0,439.0,0.00966902194124
None0,1205.0,440.0,0.000425011953461
None0,1205.0,441.0,5.31264941826e-05
None0,1205.0,442.0,0.0169473516443
None0,1205.0,443.0,0.00170004781384
None0,1205.0,444.0,0.000106252988365
None0,1205.0,445.0,0.0131753705573
None0,1205.0,446.0,0.00855336556341
None0,1205.0,447.0,0.00116878287202
None0,1205.0,448.0,0.000371885459279
None0,1205.0,450.0,0.00111565637784
None0,1205.0,451.0,0.000265632470913
None0,1205.0,452.0,0.00355947511024
None0,1205.0,453.0,0.00568453487754
None0,1205.0,454.0,0.0015406683313
None0,1205.0,457.0,0.00451575200553
None0,1205.0,458.0,0.00897837751687
None0,1205.0,459.0,0.000584391436009
None0,1205.0,460.0,0.000956276895288
None0,1205.0,461.0,0.000212505976731
None0,1205.0,462.0,0.00212505976731
None0,1205.0,464.0,0.00345322212187
None0,1205.0,465.0,0.0109971842958
None0,1205.0,466.0,0.00695957073793
None0,1205.0,467.0,0.0166817191734
None0,1205.0,468.0,0.00600329384264
None0,1205.0,469.0,0.000159379482548
None0,1205.0,470.0,5.31264941826e-05
None0,1205.0,472.0,0.00143441534293
None0,1205.0,473.0,0.0024438187324
None0,1205.0,474.0,5.31264941826e-05
None0,1205.0,475.0,5.31264941826e-05
None0,1205.0,477.0,5.31264941826e-05
None0,1205.0,478.0,0.00393136056952
None0,1205.0,479.0,0.000318758965096
None0,1205.0,480.0,0.00435637252298
None0,1205.0,481.0,0.000478138447644
None0,1205.0,482.0,0.000903150401105
None0,1205.0,483.0,0.00786272113903
None0,1205.0,484.0,0.0167879721617
None0,1205.0,488.0,0.00196568028476
None0,1205.0,489.0,0.006109546831
None0,1205.0,490.0,0.00132816235457
None0,1205.0,491.0,5.31264941826e-05
None0,1205.0,494.0,0.00143441534293
None0,1205.0,495.0,0.00690644424374
None0,1205.0,496.0,0.0104127928598
None0,1205.0,497.0,5.31264941826e-05
None0,1205.0,499.0,0.00106252988365
None0,1205.0,501.0,0.00733145619721
None0,1205.0,504.0,0.00536577591245
None0,1205.0,505.0,0.005525155395
None0,1205.0,506.0,0.0024438187324
None0,1205.0,509.0,0.000425011953461
None0,1205.0,510.0,0.000637517930192
None0,1205.0,511.0,0.000531264941826
None0,1205.0,512.0,0.000159379482548
None0,1205.0,513.0,0.00382510758115
None0,1205.0,515.0,0.00780959464485
None0,1205.0,516.0,0.0015406683313
None0,1205.0,517.0,0.00462200499389
None0,1205.0,519.0,0.000584391436009
None0,1205.0,520.0,0.00499389045317
None0,1205.0,523.0,0.0105721723423
None0,1205.0,524.0,0.00164692131966
None0,1205.0,526.0,0.00743770918557
None0,1205.0,528.0,0.00419699304043
None0,1205.0,529.0,0.000106252988365
None0,1205.0,530.0,0.000425011953461
None0,1205.0,531.0,0.00313446315678
None0,1205.0,532.0,0.000212505976731
None0,1205.0,533.0,0.00605642033682
None0,1205.0,535.0,0.000106252988365
None0,1205.0,538.0,0.000106252988365
None0,1205.0,539.0,0.000212505976731
None0,1205.0,543.0,0.000265632470913
None0,1205.0,545.0,0.00270945120332
None0,1205.0,546.0,0.0213037241672
None0,1205.0,551.0,0.000318758965096
None0,1205.0,552.0,0.00191255379058
None0,1205.0,553.0,0.00940338947033
None0,1205.0,554.0,0.0105190458482
None0,1205.0,555.0,0.00318758965096
None0,1205.0,557.0,0.0036657280986
None0,1205.0,558.0,5.31264941826e-05
None0,1205.0,561.0,5.31264941826e-05
None0,1205.0,564.0,0.0193911703767
None0,1205.0,565.0,0.000425011953461
None0,1205.0,566.0,0.00159379482548
None0,1205.0,567.0,0.000956276895288
None0,1205.0,568.0,0.000637517930192
None0,1205.0,569.0,0.000212505976731
None0,1205.0,571.0,0.000265632470913
None0,1205.0,572.0,0.00387823407533
None0,1205.0,573.0,5.31264941826e-05
None0,1205.0,574.0,0.000531264941826
None0,1205.0,575.0,0.000265632470913
None0,1205.0,576.0,0.00159379482548
None0,1205.0,577.0,0.0012219093662
None0,1205.0,578.0,0.000850023906922
None0,1205.0,579.0,5.31264941826e-05
None0,1205.0,580.0,0.000584391436009
None0,1205.0,581.0,0.000850023906922
None0,1205.0,582.0,0.00127503586038
None0,1205.0,583.0,0.00079689741274
None0,1205.0,584.0,0.000371885459279
None0,1205.0,587.0,0.00228443924985
None0,1205.0,588.0,0.000318758965096
None0,1205.0,589.0,0.000371885459279
None0,1205.0,590.0,0.00148754183711
None0,1205.0,592.0,5.31264941826e-05
None0,1205.0,593.0,0.000265632470913
None0,1205.0,594.0,0.000159379482548
None0,1205.0,595.0,0.000903150401105
None0,1205.0,596.0,0.000212505976731
None0,1205.0,597.0,5.31264941826e-05
None0,1205.0,598.0,0.000425011953461
None0,1205.0,599.0,0.000106252988365
None0,1205.0,600.0,0.00100940338947
None0,1205.0,602.0,0.000371885459279
None0,1205.0,603.0,0.000106252988365
None0,1205.0,604.0,0.00286883068586
None0,1205.0,606.0,0.0138660149817
None0,1205.0,608.0,0.000371885459279
None0,1205.0,609.0,0.00239069223822
None0,1205.0,610.0,5.31264941826e-05
None0,1205.0,611.0,0.000850023906922
None0,1205.0,612.0,0.00201880677894
None0,1205.0,613.0,0.000903150401105
None0,1205.0,614.0,0.000265632470913
None0,1205.0,615.0,0.00175317430803
None0,1205.0,616.0,0.00228443924985
None0,1205.0,617.0,0.000690644424374
None0,1205.0,618.0,0.000159379482548
None0,1205.0,619.0,0.000425011953461
None0,1205.0,620.0,0.000531264941826
None0,1205.0,621.0,0.000371885459279
None0,1205.0,622.0,0.000531264941826
None0,1205.0,623.0,0.00138128884875
None0,1205.0,624.0,0.000531264941826
None0,1205.0,625.0,0.000159379482548
None0,1205.0,627.0,5.31264941826e-05
None0,1205.0,628.0,0.000159379482548
None0,1205.0,629.0,0.00127503586038
None0,1205.0,630.0,0.00180630080221
None0,1205.0,631.0,0.00233756574404
None0,1205.0,632.0,0.000531264941826
None0,1205.0,633.0,0.000159379482548
None0,1205.0,634.0,0.000265632470913
None0,1205.0,635.0,0.0015406683313
None0,1205.0,636.0,0.000478138447644
None0,1205.0,637.0,0.00658768527865
None0,1205.0,638.0,0.00329384263932
None0,1205.0,639.0,0.00329384263932
None0,1205.0,640.0,0.000850023906922
None0,1205.0,641.0,0.000106252988365
None0,1205.0,642.0,5.31264941826e-05
None0,1205.0,643.0,0.000106252988365
None0,1205.0,644.0,5.31264941826e-05
None0,1205.0,645.0,0.00260319821495
None0,1205.0,647.0,0.000159379482548
None0,1205.0,648.0,0.000212505976731
None0,1205.0,649.0,0.000478138447644
None0,1205.0,651.0,0.0015406683313
None0,1205.0,652.0,0.000265632470913
None0,1205.0,653.0,0.000106252988365
None0,1205.0,654.0,0.000743770918557
None0,1205.0,655.0,0.000690644424374
None0,1205.0,656.0,0.000106252988365
None0,1205.0,657.0,0.000265632470913
None0,1205.0,659.0,0.000743770918557
None0,1205.0,660.0,5.31264941826e-05
None0,1205.0,661.0,0.000212505976731
None0,1205.0,662.0,0.000425011953461
None0,1205.0,663.0,0.000159379482548
None0,1205.0,664.0,0.000637517930192
None0,1205.0,665.0,0.00228443924985
None0,1205.0,666.0,0.000106252988365
None0,1205.0,667.0,0.0012219093662
None0,1205.0,668.0,5.31264941826e-05
None0,1205.0,669.0,0.0012219093662
None0,1205.0,670.0,0.00132816235457
None0,1205.0,671.0,0.000318758965096
None0,1205.0,672.0,0.000425011953461
None0,1205.0,673.0,0.00233756574404
None0,1205.0,675.0,0.000265632470913
None0,1205.0,676.0,0.00430324602879
None0,1205.0,677.0,0.000531264941826
None0,1205.0,678.0,0.000106252988365
None0,1205.0,679.0,5.31264941826e-05
None0,1205.0,680.0,0.00079689741274
None0,1205.0,681.0,0.00170004781384
None0,1205.0,682.0,5.31264941826e-05
None0,1205.0,683.0,0.000956276895288
None0,1205.0,687.0,0.000106252988365
None0,1205.0,688.0,5.31264941826e-05
None0,1205.0,689.0,5.31264941826e-05
None0,1205.0,690.0,0.000159379482548
None0,1205.0,691.0,0.00334696913351
None0,1205.0,692.0,0.000159379482548
None0,1205.0,693.0,0.000265632470913
None0,1205.0,694.0,0.00116878287202
None0,1205.0,695.0,0.00106252988365
None0,1205.0,696.0,0.000690644424374
None0,1205.0,697.0,0.000318758965096
None0,1205.0,698.0,0.000106252988365
None0,1205.0,700.0,0.00217818626149
None0,1205.0,702.0,0.000318758965096
None0,1205.0,704.0,0.0125909791213
None0,1205.0,706.0,0.000371885459279
None0,1205.0,707.0,0.000478138447644
None0,1205.0,708.0,5.31264941826e-05
None0,1205.0,710.0,0.000531264941826
None0,1205.0,711.0,0.000106252988365
None0,1205.0,712.0,0.000690644424374
None0,1205.0,713.0,0.000265632470913
None0,1205.0,714.0,0.000903150401105
None0,1205.0,715.0,0.000159379482548
None0,1205.0,716.0,0.000159379482548
None0,1205.0,717.0,0.00132816235457
None0,1205.0,718.0,0.00286883068586
None0,1205.0,719.0,0.000159379482548
None0,1205.0,720.0,0.000106252988365
None0,1205.0,721.0,0.000265632470913
None0,1205.0,722.0,0.000318758965096
None0,1205.0,723.0,5.31264941826e-05
None0,1205.0,724.0,0.00132816235457
None0,1205.0,725.0,0.000743770918557
None0,1205.0,726.0,0.00265632470913
None0,1205.0,727.0,0.000371885459279
None0,1205.0,728.0,0.000956276895288
None0,1205.0,730.0,0.000212505976731
None0,1205.0,731.0,5.31264941826e-05
None0,1205.0,732.0,0.00079689741274
None0,1205.0,733.0,0.000159379482548
None0,1205.0,734.0,0.000850023906922
None0,1205.0,735.0,0.000584391436009
None0,1205.0,736.0,0.000212505976731
None0,1205.0,737.0,0.000637517930192
None0,1205.0,738.0,0.00355947511024
None0,1205.0,739.0,0.000903150401105
None0,1205.0,740.0,0.000159379482548
None0,1205.0,741.0,0.000159379482548
None0,1205.0,742.0,0.000106252988365
None0,1205.0,743.0,0.000318758965096
None0,1205.0,744.0,0.000106252988365
None0,1205.0,745.0,5.31264941826e-05
None0,1205.0,746.0,5.31264941826e-05
None0,1205.0,747.0,0.0413855389683
None0,1205.0,750.0,0.000159379482548
None0,1205.0,751.0,0.00382510758115
None0,1205.0,752.0,0.000106252988365
None0,1205.0,753.0,0.000743770918557
None0,1205.0,754.0,0.000371885459279
None0,1205.0,757.0,5.31264941826e-05
None0,1205.0,758.0,5.31264941826e-05
None0,1205.0,761.0,0.00180630080221
None0,1205.0,762.0,0.00387823407533
None0,1205.0,763.0,0.00281570419168
None0,1205.0,764.0,0.000318758965096
None0,1205.0,765.0,0.00100940338947
None0,1205.0,766.0,0.00196568028476
None0,1205.0,767.0,0.000637517930192
None0,1205.0,768.0,0.00164692131966
None0,1205.0,769.0,0.000637517930192
None0,1205.0,770.0,0.000743770918557
None0,1205.0,771.0,0.000371885459279
None0,1205.0,772.0,0.000265632470913
None0,1205.0,773.0,5.31264941826e-05
None0,1205.0,774.0,0.0024438187324
None0,1205.0,775.0,0.000159379482548
None0,1205.0,776.0,0.000265632470913
None0,1205.0,777.0,0.00164692131966
None0,1205.0,778.0,0.000106252988365
None0,1205.0,779.0,0.000212505976731
None0,1205.0,780.0,0.000850023906922
None0,1205.0,781.0,0.000425011953461
None0,1205.0,782.0,0.000371885459279
None0,1205.0,783.0,0.000903150401105
None0,1205.0,784.0,0.000106252988365
None0,1205.0,785.0,0.00239069223822
None0,1205.0,786.0,0.000478138447644
None0,1205.0,787.0,0.000265632470913
None0,1205.0,788.0,0.00106252988365
None0,1205.0,789.0,0.000265632470913
None0,1205.0,790.0,0.000425011953461
None0,1205.0,791.0,0.00079689741274
None0,1205.0,792.0,0.00201880677894
None0,1205.0,793.0,0.00148754183711
None0,1205.0,795.0,0.00148754183711
None0,1205.0,796.0,5.31264941826e-05
None0,1205.0,797.0,0.000106252988365
None0,1205.0,798.0,0.000637517930192
None0,1205.0,799.0,5.31264941826e-05
None0,1205.0,800.0,0.000584391436009
None0,1205.0,801.0,0.00132816235457
None0,1205.0,802.0,0.000956276895288
None0,1205.0,803.0,5.31264941826e-05
None0,1205.0,804.0,0.00196568028476
None0,1205.0,805.0,0.000743770918557
None0,1205.0,806.0,0.000743770918557
None0,1205.0,807.0,0.00435637252298
None0,1205.0,808.0,0.000159379482548
None0,1205.0,809.0,5.31264941826e-05
None0,1205.0,810.0,0.000265632470913
None0,1205.0,811.0,5.31264941826e-05
None0,1205.0,812.0,0.000743770918557
None0,1205.0,814.0,0.000318758965096
None0,1205.0,816.0,0.00286883068586
None0,1205.0,817.0,0.00191255379058
None0,1205.0,818.0,0.000478138447644
None0,1205.0,820.0,0.000531264941826
None0,1205.0,822.0,0.000956276895288
None0,1205.0,823.0,0.00223131275567
None0,1205.0,824.0,0.000637517930192
None0,1205.0,825.0,0.00292195718005
None0,1205.0,826.0,0.0012219093662
None0,1205.0,827.0,0.00329384263932
None0,1205.0,828.0,5.31264941826e-05
None0,1205.0,830.0,0.00786272113903
None0,1205.0,832.0,0.000106252988365
None0,1205.0,834.0,5.31264941826e-05
None0,1205.0,835.0,0.00270945120332
None0,1205.0,836.0,0.000743770918557
None0,1205.0,837.0,0.000531264941826
None0,1205.0,838.0,5.31264941826e-05
None0,1205.0,839.0,0.00483451097062
None0,1205.0,840.0,0.000106252988365
None0,1205.0,841.0,0.000743770918557
None0,1205.0,843.0,0.0024438187324
None0,1205.0,844.0,5.31264941826e-05
None0,1205.0,845.0,0.00106252988365
None0,1205.0,846.0,5.31264941826e-05
None0,1205.0,847.0,0.00148754183711
None0,1205.0,848.0,0.00701269723211
None0,1205.0,849.0,0.000212505976731
None0,1205.0,850.0,0.000425011953461
None0,1205.0,851.0,0.000743770918557
None0,1205.0,852.0,0.00100940338947
None0,1205.0,853.0,0.000159379482548
None0,1205.0,854.0,0.000478138447644
None0,1205.0,855.0,0.00079689741274
None0,1205.0,856.0,5.31264941826e-05
None0,1205.0,857.0,0.0052063964299
None0,1205.0,858.0,0.000584391436009
None0,1205.0,859.0,0.000159379482548
None0,1205.0,860.0,0.000690644424374
None0,1205.0,861.0,0.00116878287202
None0,1205.0,862.0,0.00148754183711
None0,1205.0,863.0,0.00340009562769
None0,1205.0,865.0,0.000637517930192
None0,1205.0,867.0,0.00265632470913
None0,1205.0,868.0,0.00106252988365
None0,1205.0,869.0,0.000106252988365
None0,1205.0,870.0,0.00116878287202
None0,1205.0,872.0,5.31264941826e-05
None0,1205.0,875.0,5.31264941826e-05
None0,1205.0,876.0,0.00116878287202
None0,1205.0,877.0,0.000371885459279
None0,1205.0,878.0,0.000159379482548
None0,1205.0,879.0,0.000318758965096
None0,1205.0,880.0,5.31264941826e-05
None0,1205.0,882.0,0.000637517930192
None0,1205.0,883.0,0.000371885459279
None0,1205.0,885.0,0.00111565637784
None0,1205.0,886.0,0.000425011953461
None0,1205.0,887.0,0.000531264941826
None0,1205.0,888.0,0.00217818626149
None0,1205.0,889.0,0.000159379482548
None0,1205.0,890.0,0.000318758965096
None0,1205.0,891.0,0.000318758965096
None0,1205.0,892.0,0.000212505976731
None0,1205.0,893.0,5.31264941826e-05
None0,1205.0,894.0,0.0012219093662
None0,1205.0,895.0,0.000478138447644
None0,1205.0,896.0,0.000265632470913
None0,1205.0,897.0,0.000318758965096
None0,1205.0,898.0,0.00143441534293
None0,1205.0,900.0,0.00111565637784
None0,1205.0,901.0,0.000106252988365
None0,1205.0,902.0,5.31264941826e-05
None0,1205.0,904.0,0.000371885459279
None0,1205.0,905.0,5.31264941826e-05
None0,1205.0,906.0,0.000106252988365
None0,1205.0,907.0,0.000743770918557
None0,1205.0,908.0,0.000743770918557
None0,1205.0,909.0,0.000743770918557
None0,1205.0,910.0,5.31264941826e-05
None0,1205.0,911.0,0.000265632470913
None0,1205.0,912.0,0.000212505976731
None0,1205.0,913.0,0.000425011953461
None0,1205.0,914.0,0.000531264941826
None0,1205.0,915.0,5.31264941826e-05
None0,1205.0,916.0,0.00297508367423
None0,1205.0,917.0,0.000159379482548
None0,1205.0,918.0,0.000690644424374
None0,1205.0,920.0,0.000159379482548
None0,1205.0,921.0,5.31264941826e-05
None0,1205.0,922.0,0.000265632470913
None0,1205.0,923.0,0.000531264941826
None0,1205.0,924.0,0.000106252988365
None0,1205.0,925.0,0.000212505976731
None0,1205.0,928.0,0.00100940338947
None0,1205.0,929.0,0.000425011953461
None0,1205.0,930.0,0.000106252988365
None0,1205.0,932.0,0.000159379482548
None0,1205.0,933.0,0.000478138447644
None0,1205.0,934.0,0.000371885459279
None0,1205.0,935.0,0.000106252988365
None0,1205.0,936.0,0.000159379482548
None0,1205.0,937.0,0.000478138447644
None0,1205.0,938.0,5.31264941826e-05
None0,1205.0,939.0,5.31264941826e-05
None0,1205.0,940.0,0.0067470647612
None0,1205.0,941.0,0.00079689741274
None0,1205.0,943.0,0.00170004781384
None0,1205.0,944.0,0.000478138447644
None0,1205.0,946.0,0.000159379482548
None0,1205.0,947.0,0.000425011953461
None0,1205.0,948.0,0.000956276895288
None0,1205.0,949.0,0.000690644424374
None0,1205.0,950.0,0.00079689741274
None0,1205.0,951.0,5.31264941826e-05
None0,1205.0,952.0,0.000956276895288
None0,1205.0,953.0,0.00754396217394
None0,1205.0,954.0,0.0119003346969
None0,1205.0,955.0,0.000637517930192
None0,1205.0,956.0,0.000106252988365
None0,1205.0,957.0,0.000690644424374
None0,1205.0,958.0,0.000690644424374
None0,1205.0,959.0,5.31264941826e-05
None0,1205.0,960.0,0.000478138447644
None0,1205.0,961.0,0.000106252988365
None0,1205.0,963.0,0.00111565637784
None0,1205.0,964.0,0.00345322212187
None0,1205.0,966.0,0.00265632470913
None0,1205.0,969.0,0.000106252988365
None0,1205.0,970.0,0.000212505976731
None0,1205.0,971.0,0.000690644424374
None0,1205.0,972.0,0.000478138447644
None0,1205.0,975.0,0.000371885459279
None0,1205.0,976.0,0.0024438187324
None0,1205.0,977.0,0.00201880677894
None0,1205.0,978.0,0.00196568028476
None0,1205.0,979.0,0.000265632470913
None0,1205.0,980.0,0.000212505976731
None0,1205.0,981.0,0.000106252988365
None0,1205.0,982.0,0.000637517930192
None0,1205.0,983.0,0.000637517930192
None0,1205.0,984.0,0.00217818626149
None0,1205.0,985.0,0.000212505976731
None0,1205.0,986.0,0.00079689741274
None0,1205.0,987.0,5.31264941826e-05
None0,1205.0,988.0,5.31264941826e-05
None0,1205.0,989.0,0.0039844870637
None0,1205.0,990.0,0.0156723157839
None0,1205.0,991.0,0.00079689741274
None0,1205.0,992.0,0.000159379482548
None0,1205.0,993.0,0.0027625776975
None0,1205.0,994.0,0.000159379482548
None0,1205.0,995.0,0.000265632470913
None0,1205.0,997.0,0.000478138447644
None0,1205.0,998.0,0.000106252988365
None0,1205.0,999.0,0.00201880677894
None0,1205.0,1000.0,0.00106252988365
None0,1205.0,1001.0,0.000478138447644
None0,1205.0,1003.0,0.00228443924985
None0,1205.0,1004.0,0.000318758965096
None0,1205.0,1005.0,0.000212505976731
None0,1205.0,1006.0,0.000371885459279
None0,1205.0,1007.0,0.000956276895288
None0,1205.0,1008.0,0.000106252988365
None0,1205.0,1009.0,0.00286883068586
None0,1205.0,1010.0,0.000212505976731
None0,1205.0,1011.0,0.000159379482548
None0,1205.0,1012.0,0.000265632470913
None0,1205.0,1013.0,0.000212505976731
None0,1205.0,1014.0,0.000265632470913
None0,1205.0,1015.0,0.0282632949052
None0,1205.0,1016.0,0.000371885459279
None0,1205.0,1017.0,0.00116878287202
None0,1205.0,1018.0,0.0039844870637
None0,1205.0,1019.0,0.000159379482548
None0,1205.0,1020.0,0.00106252988365
None0,1205.0,1021.0,5.31264941826e-05
None0,1205.0,1024.0,0.000106252988365
None0,1205.0,1025.0,0.00334696913351
None0,1205.0,1026.0,0.000371885459279
None0,1205.0,1027.0,0.000743770918557
None0,1205.0,1029.0,0.000265632470913
None0,1205.0,1030.0,0.00143441534293
None0,1205.0,1031.0,5.31264941826e-05
None0,1205.0,1032.0,0.000637517930192
None0,1205.0,1033.0,0.000106252988365
None0,1205.0,1034.0,0.000425011953461
None0,1205.0,1035.0,5.31264941826e-05
None0,1205.0,1038.0,5.31264941826e-05
None0,1205.0,1039.0,5.31264941826e-05
None0,1205.0,1041.0,0.0012219093662
None0,1205.0,1042.0,0.000106252988365
None0,1205.0,1043.0,0.0158316952664
None0,1205.0,1046.0,0.00106252988365
None0,1205.0,1047.0,0.000265632470913
None0,1205.0,1049.0,0.000478138447644
None0,1205.0,1050.0,0.000956276895288
None0,1205.0,1051.0,0.000531264941826
None0,1205.0,1052.0,0.00770334165648
None0,1205.0,1053.0,0.00568453487754
None0,1205.0,1054.0,0.00143441534293
None0,1205.0,1055.0,0.000106252988365
None0,1205.0,1058.0,0.000478138447644
None0,1205.0,1059.0,0.000690644424374
None0,1205.0,1060.0,0.00148754183711
None0,1205.0,1061.0,0.000159379482548
None0,1205.0,1063.0,5.31264941826e-05
None0,1205.0,1064.0,0.000478138447644
None0,1205.0,1066.0,0.0236412899113
None0,1205.0,1068.0,0.00334696913351
None0,1205.0,1069.0,0.000212505976731
None0,1205.0,1070.0,5.31264941826e-05
None0,1205.0,1071.0,0.000318758965096
None0,1205.0,1072.0,0.0332571853583
None0,1205.0,1073.0,5.31264941826e-05
None0,1205.0,1074.0,0.000371885459279
None0,1205.0,1077.0,0.000318758965096
None0,1205.0,1078.0,0.00239069223822
None0,1205.0,1079.0,0.00079689741274
None0,1205.0,1080.0,5.31264941826e-05
None0,1205.0,1081.0,0.000478138447644
None0,1205.0,1082.0,5.31264941826e-05
None0,1205.0,1083.0,0.000531264941826
None0,1205.0,1084.0,0.00355947511024
None0,1205.0,1085.0,0.000850023906922
None0,1205.0,1086.0,0.000425011953461
None0,1205.0,1087.0,0.000159379482548
None0,1205.0,1088.0,0.00106252988365
None0,1205.0,1089.0,0.000425011953461
None0,1205.0,1090.0,0.00185942729639
None0,1205.0,1092.0,0.000212505976731
None0,1205.0,1093.0,0.00111565637784
None0,1205.0,1094.0,0.00345322212187
None0,1205.0,1095.0,0.000371885459279
None0,1205.0,1096.0,0.000265632470913
None0,1205.0,1097.0,0.000265632470913
None0,1205.0,1098.0,0.00138128884875
None0,1205.0,1099.0,0.000743770918557
None0,1205.0,1100.0,0.000531264941826
None0,1205.0,1101.0,0.000690644424374
None0,1205.0,1102.0,0.000584391436009
None0,1205.0,1104.0,0.00138128884875
None0,1205.0,1105.0,5.31264941826e-05
None0,1205.0,1106.0,0.00106252988365
None0,1205.0,1107.0,0.000106252988365
None0,1205.0,1108.0,5.31264941826e-05
None0,1205.0,1109.0,0.00159379482548
None0,1205.0,1110.0,0.000637517930192
None0,1205.0,1112.0,5.31264941826e-05
None0,1205.0,1113.0,5.31264941826e-05
None0,1205.0,1114.0,0.00100940338947
None0,1205.0,1115.0,0.000106252988365
None0,1205.0,1116.0,0.00515326993572
None0,1205.0,1117.0,0.00393136056952
None0,1205.0,1118.0,0.000584391436009
None0,1205.0,1119.0,0.000106252988365
None0,1205.0,1120.0,0.000371885459279
None0,1205.0,1121.0,0.000212505976731
None0,1205.0,1123.0,0.000106252988365
None0,1205.0,1124.0,0.00435637252298
None0,1205.0,1125.0,0.000425011953461
None0,1205.0,1126.0,0.000159379482548
None0,1205.0,1127.0,0.00079689741274
None0,1205.0,1128.0,0.000212505976731
None0,1205.0,1129.0,0.000106252988365
None0,1205.0,1130.0,0.00079689741274
None0,1205.0,1131.0,5.31264941826e-05
None0,1205.0,1132.0,0.00196568028476
None0,1205.0,1133.0,0.000106252988365
None0,1205.0,1134.0,0.000159379482548
None0,1205.0,1135.0,0.000850023906922
None0,1205.0,1136.0,0.000743770918557
None0,1205.0,1137.0,0.0039844870637
None0,1205.0,1138.0,0.000159379482548
None0,1205.0,1139.0,0.000531264941826
None0,1205.0,1140.0,0.00100940338947
None0,1205.0,1141.0,0.000212505976731
None0,1205.0,1142.0,0.000106252988365
None0,1205.0,1143.0,0.00100940338947
None0,1205.0,1144.0,0.00770334165648
None0,1205.0,1145.0,0.000106252988365
None0,1205.0,1146.0,0.000212505976731
None0,1205.0,1147.0,0.000106252988365
None0,1205.0,1150.0,0.000106252988365
None0,1205.0,1152.0,0.000106252988365
None0,1205.0,1153.0,5.31264941826e-05
None0,1205.0,1155.0,0.000956276895288
None0,1205.0,1156.0,0.000106252988365
None0,1205.0,1157.0,0.000531264941826
None0,1205.0,1158.0,0.00217818626149
None0,1205.0,1159.0,5.31264941826e-05
None0,1205.0,1160.0,0.00605642033682
None0,1205.0,1161.0,0.000743770918557
None0,1205.0,1162.0,0.0119003346969
None0,1205.0,1163.0,0.000743770918557
None0,1205.0,1164.0,0.000318758965096
None0,1205.0,1165.0,0.00175317430803
None0,1205.0,1166.0,0.00132816235457
None0,1205.0,1167.0,0.000159379482548
None0,1205.0,1168.0,5.31264941826e-05
None0,1205.0,1169.0,0.000318758965096
None0,1205.0,1170.0,0.000637517930192
None0,1205.0,1171.0,0.000159379482548
None0,1205.0,1172.0,0.00212505976731
None0,1205.0,1173.0,0.000106252988365
None0,1205.0,1176.0,0.000106252988365
None0,1205.0,1177.0,0.00318758965096
None0,1205.0,1180.0,0.000531264941826
None0,1205.0,1181.0,0.00223131275567
None0,1205.0,1182.0,0.000531264941826
None0,1205.0,1185.0,5.31264941826e-05
None0,1205.0,1186.0,0.000903150401105
None0,1205.0,1187.0,0.000159379482548
None0,1205.0,1188.0,0.000212505976731
None0,1205.0,1189.0,0.000106252988365
None0,1205.0,1191.0,5.31264941826e-05
None0,1205.0,1192.0,0.000106252988365
None0,1205.0,1193.0,0.000371885459279
None0,1205.0,1194.0,0.000265632470913
None0,1205.0,1195.0,0.000265632470913
None0,1205.0,1196.0,0.00079689741274
None0,1205.0,1198.0,0.000478138447644
None0,1205.0,1200.0,0.000478138447644
None0,1205.0,1201.0,0.000159379482548
None0,1205.0,1202.0,0.000318758965096
None0,1205.0,1203.0,5.31264941826e-05
None0,1205.0,1204.0,0.00106252988365
None0,1205.0,1207.0,0.000212505976731
None0,1205.0,1208.0,0.000425011953461
None0,1205.0,1209.0,0.00265632470913
None0,1205.0,1211.0,0.000371885459279
None0,1205.0,1212.0,0.000159379482548
None0,1205.0,1213.0,0.0036657280986
None0,1205.0,1214.0,0.000690644424374
None0,1205.0,1215.0,0.00185942729639
None0,1205.0,1216.0,0.000637517930192
None0,1205.0,1217.0,5.31264941826e-05
None0,1205.0,1218.0,5.31264941826e-05
None0,1205.0,1219.0,0.000637517930192
None0,1205.0,1220.0,0.000425011953461
None0,1205.0,1221.0,0.000478138447644
None0,1205.0,1223.0,0.000531264941826
None0,1205.0,1225.0,0.000106252988365
None0,1205.0,1226.0,0.000106252988365
None0,1205.0,1227.0,0.000106252988365
None0,1205.0,1228.0,0.00281570419168
None0,1205.0,1229.0,0.000265632470913
None0,1205.0,1230.0,5.31264941826e-05
None0,1205.0,1231.0,0.000425011953461
None0,1205.0,1233.0,0.00106252988365
None0,1205.0,1234.0,5.31264941826e-05
None0,1205.0,1235.0,0.000318758965096
None0,1205.0,1237.0,0.00557828188918
None0,1205.0,1238.0,0.000478138447644
None0,1205.0,1239.0,0.00239069223822
None0,1205.0,1241.0,0.0221537480742
None0,1205.0,1242.0,0.00499389045317
None0,1205.0,1243.0,0.00393136056952
None0,1205.0,1244.0,0.000212505976731
None0,1205.0,1245.0,5.31264941826e-05
None0,1205.0,1246.0,0.000690644424374
None0,1205.0,1247.0,0.0027625776975
None0,1205.0,1248.0,0.00350634861605
None0,1205.0,1251.0,0.00111565637784
None0,1205.0,1252.0,0.00345322212187
None0,1205.0,1253.0,0.000531264941826
None0,1205.0,1256.0,0.000318758965096
None0,1205.0,1257.0,0.00217818626149
None0,1205.0,1258.0,0.000106252988365
None0,1205.0,1259.0,0.000318758965096
None0,1205.0,1260.0,0.000212505976731
None0,1205.0,1261.0,5.31264941826e-05
None0,1205.0,1262.0,5.31264941826e-05
None0,1205.0,1265.0,0.000212505976731
None0,1205.0,1266.0,0.000212505976731
None0,1205.0,1267.0,0.000584391436009
None0,1205.0,1268.0,0.000212505976731
None0,1205.0,1269.0,5.31264941826e-05
None0,1205.0,1270.0,0.00106252988365
None0,1205.0,1272.0,0.000159379482548
None0,1205.0,1273.0,0.000212505976731
None0,1205.0,1274.0,0.0174254900919
None0,1205.0,1275.0,0.00106252988365
None0,1205.0,1277.0,0.000159379482548
None0,1205.0,1278.0,0.000425011953461
None0,1205.0,1279.0,0.00494076395899
None0,1205.0,1280.0,0.000265632470913
None0,1205.0,1282.0,0.00111565637784
None0,1205.0,1283.0,0.000531264941826
None0,1205.0,1284.0,0.000903150401105
None0,1205.0,1286.0,0.00106252988365
None0,1205.0,1287.0,0.000637517930192
None0,1205.0,1289.0,0.000106252988365
None0,1205.0,1290.0,0.000743770918557
None0,1205.0,1291.0,0.000265632470913
None0,1205.0,1292.0,0.00217818626149
None0,1205.0,1293.0,0.000212505976731
None0,1205.0,1294.0,0.000106252988365
None0,1205.0,1295.0,0.000212505976731
None0,1205.0,1296.0,0.000371885459279
None0,1205.0,1297.0,0.000106252988365
None0,1205.0,1298.0,0.000106252988365
None0,1205.0,1299.0,0.000159379482548
None0,1205.0,1300.0,0.000106252988365
None0,1205.0,1301.0,0.000265632470913
None0,1205.0,1302.0,0.000850023906922
None0,1205.0,1303.0,5.31264941826e-05
None0,1205.0,1304.0,0.000212505976731
None0,1205.0,1305.0,0.000743770918557
None0,1205.0,1306.0,0.000159379482548
None0,1205.0,1309.0,0.000318758965096
None0,1205.0,1310.0,0.000531264941826
None0,1205.0,1312.0,0.000850023906922
None0,1205.0,1314.0,0.000159379482548
None0,1205.0,1316.0,0.00100940338947
None0,1205.0,1317.0,0.000212505976731
None0,1205.0,1318.0,0.000265632470913
None0,1205.0,1320.0,0.000584391436009
None0,1205.0,1321.0,5.31264941826e-05
None0,1205.0,1323.0,0.00143441534293
None0,1205.0,1324.0,0.000478138447644
None0,1205.0,1325.0,5.31264941826e-05
None0,1205.0,1326.0,0.000106252988365
None0,1205.0,1328.0,0.000318758965096
None0,1205.0,1329.0,0.000106252988365
None0,1205.0,1330.0,0.00116878287202
None0,1205.0,1331.0,0.000106252988365
None0,1205.0,1332.0,0.00207193327312
None0,1205.0,1333.0,0.000265632470913
None0,1205.0,1334.0,0.000425011953461
None0,1205.0,1335.0,0.00148754183711
None0,1205.0,1337.0,5.31264941826e-05
None0,1205.0,1338.0,0.000584391436009
None0,1205.0,1339.0,5.31264941826e-05
None0,1205.0,1340.0,0.00170004781384
None0,1205.0,1341.0,0.00308133666259
None0,1205.0,1342.0,0.00148754183711
None0,1205.0,1344.0,0.000265632470913
None0,1205.0,1345.0,0.000106252988365
None0,1205.0,1347.0,0.000318758965096
None0,1205.0,1348.0,0.000743770918557
None0,1205.0,1349.0,0.000743770918557
None0,1205.0,1350.0,0.000425011953461
None0,1205.0,1351.0,5.31264941826e-05
None0,1205.0,1352.0,0.000584391436009
None0,1205.0,1353.0,0.00430324602879
None0,1205.0,1354.0,0.000212505976731
None0,1205.0,1356.0,0.00100940338947
None0,1205.0,1357.0,0.00079689741274
None0,1205.0,1358.0,0.000956276895288
None0,1205.0,1360.0,0.000478138447644
None0,1205.0,1361.0,0.000584391436009
None0,1205.0,1362.0,0.000318758965096
None0,1205.0,1363.0,5.31264941826e-05
None0,1205.0,1364.0,5.31264941826e-05
None0,1205.0,1365.0,0.000212505976731
None0,1205.0,1366.0,5.31264941826e-05
None0,1205.0,1367.0,0.000478138447644
None0,1205.0,1368.0,5.31264941826e-05
None0,1205.0,1369.0,0.00116878287202
None0,1205.0,1370.0,5.31264941826e-05
None0,1205.0,1371.0,5.31264941826e-05
None0,1205.0,1372.0,0.00249694522658
None0,1205.0,1373.0,0.00828773309249
None0,1205.0,1374.0,0.000106252988365
None0,1205.0,1375.0,0.000265632470913
None0,1205.0,1376.0,5.31264941826e-05
None0,1205.0,1377.0,0.00844711257504
None0,1205.0,1378.0,5.31264941826e-05
None0,1205.0,1379.0,0.000743770918557
None0,1205.0,1380.0,0.00106252988365
None0,1205.0,1381.0,0.00116878287202
None0,1205.0,1382.0,0.000425011953461
None0,1205.0,1383.0,0.000371885459279
None0,1205.0,1384.0,0.000956276895288
None0,1205.0,1385.0,0.000159379482548
None0,1205.0,1386.0,0.000743770918557
None0,1205.0,1387.0,0.00111565637784
None0,1205.0,1389.0,0.000159379482548
None0,1205.0,1390.0,5.31264941826e-05
None0,1205.0,1392.0,0.00308133666259
None0,1205.0,1393.0,5.31264941826e-05
None0,1205.0,1395.0,0.000531264941826
None0,1205.0,1396.0,0.00313446315678
None0,1205.0,1397.0,5.31264941826e-05
None0,1205.0,1398.0,5.31264941826e-05
None0,1205.0,1400.0,5.31264941826e-05
None0,1205.0,1401.0,0.000425011953461
None0,1205.0,1402.0,0.000690644424374
None0,1205.0,1403.0,0.000159379482548
None0,1205.0,1404.0,0.000159379482548
None0,1205.0,1405.0,0.000106252988365
None0,1205.0,1406.0,0.000531264941826
None0,1205.0,1408.0,0.00249694522658
None0,1205.0,1412.0,0.00164692131966
None0,1205.0,1413.0,0.00106252988365
None0,1205.0,1414.0,0.000106252988365
None0,1205.0,1415.0,0.000318758965096
None0,1205.0,1416.0,0.000318758965096
None0,1205.0,1417.0,0.000106252988365
None0,1205.0,1418.0,0.000850023906922
None0,1205.0,1419.0,0.000584391436009
None0,1205.0,1420.0,0.000371885459279
None0,1205.0,1422.0,0.000106252988365
None0,1205.0,1423.0,0.0088721245285
None0,1205.0,1424.0,5.31264941826e-05
None0,1205.0,1425.0,0.00111565637784
None0,1205.0,1427.0,0.000584391436009
None0,1205.0,1428.0,0.000106252988365
None0,1205.0,1429.0,0.00547202890081
None0,1205.0,1430.0,0.0012219093662
None0,1205.0,1431.0,0.000743770918557
None0,1205.0,1433.0,0.000106252988365
None0,1205.0,1434.0,0.000371885459279
None0,1205.0,1435.0,0.000371885459279
None0,1205.0,1436.0,0.000212505976731
None0,1205.0,1437.0,0.000956276895288
None0,1205.0,1438.0,0.000106252988365
None0,1205.0,1439.0,5.31264941826e-05
None0,1205.0,1440.0,0.000159379482548
None0,1205.0,1442.0,0.00100940338947
None0,1205.0,1443.0,0.000212505976731
None0,1205.0,1444.0,0.00079689741274
None0,1205.0,1445.0,0.000212505976731
None0,1205.0,1448.0,0.000159379482548
None0,1205.0,1449.0,0.000743770918557
None0,1205.0,1450.0,0.000531264941826
None0,1205.0,1451.0,0.000265632470913
None0,1205.0,1454.0,0.000690644424374
None0,1205.0,1455.0,0.00143441534293
None0,1205.0,1457.0,0.00100940338947
None0,1205.0,1458.0,0.000371885459279
None0,1205.0,1459.0,0.000531264941826
None0,1205.0,1460.0,0.000371885459279
None0,1205.0,1461.0,0.000478138447644
None0,1205.0,1462.0,0.00818148010413
None0,1205.0,1464.0,0.000212505976731
None0,1205.0,1465.0,0.00148754183711
None0,1205.0,1466.0,0.00111565637784
None0,1205.0,1467.0,0.000159379482548
None0,1205.0,1468.0,0.000318758965096
None0,1205.0,1469.0,0.000106252988365
None0,1205.0,1470.0,0.00239069223822
None0,1205.0,1472.0,0.0012219093662
None0,1205.0,1475.0,0.000212505976731
None0,1205.0,1477.0,5.31264941826e-05
None0,1205.0,1478.0,0.000903150401105
None0,1205.0,1479.0,0.000371885459279
None0,1205.0,1480.0,0.000956276895288
None0,1205.0,1481.0,5.31264941826e-05
None0,1205.0,1482.0,0.000478138447644
None0,1205.0,1483.0,0.00164692131966
None0,1205.0,1484.0,0.000212505976731
None0,1205.0,1485.0,0.000159379482548
None0,1205.0,1486.0,0.000425011953461
None0,1205.0,1488.0,0.0015406683313
None0,1205.0,1489.0,0.000212505976731
None0,1205.0,1490.0,0.000637517930192
None0,1205.0,1492.0,0.000690644424374
None0,1205.0,1493.0,5.31264941826e-05
None0,1205.0,1494.0,0.000159379482548
None0,1205.0,1495.0,0.00334696913351
None0,1205.0,1496.0,0.000106252988365
None0,1205.0,1497.0,0.00175317430803
None0,1205.0,1498.0,0.0153535568188
None0,1205.0,1499.0,5.31264941826e-05
None0,1205.0,1501.0,5.31264941826e-05
None0,1205.0,1503.0,0.000584391436009
None0,1205.0,1504.0,0.00079689741274
None0,1205.0,1506.0,0.000212505976731
None0,1205.0,1507.0,0.000106252988365
None0,1205.0,1509.0,0.000318758965096
None0,1205.0,1510.0,0.000425011953461
None0,1205.0,1511.0,0.000903150401105
None0,1205.0,1512.0,0.00116878287202
None0,1205.0,1513.0,0.00345322212187
None0,1205.0,1514.0,0.027041385539
None0,1205.0,1515.0,5.31264941826e-05
None0,1205.0,1517.0,0.000159379482548
None0,1205.0,1518.0,0.000106252988365
None0,1205.0,1519.0,0.00106252988365
None0,1205.0,1520.0,0.00164692131966
None0,1205.0,1521.0,5.31264941826e-05
None0,1205.0,1522.0,0.00472825798226
None0,1205.0,1523.0,0.000850023906922
None0,1205.0,1524.0,0.00111565637784
None0,1205.0,1525.0,0.00127503586038
None0,1205.0,1526.0,0.00116878287202
None0,1205.0,1527.0,0.000106252988365
None0,1205.0,1528.0,0.000584391436009
None0,1205.0,1529.0,0.000743770918557
None0,1205.0,1530.0,5.31264941826e-05
None0,1205.0,1532.0,0.000106252988365
None0,1205.0,1534.0,0.000743770918557
None0,1205.0,1535.0,0.000212505976731
None0,1205.0,1536.0,0.000106252988365
None0,1205.0,1538.0,0.00201880677894
None0,1205.0,1540.0,0.000371885459279
None0,1205.0,1541.0,0.000531264941826
None0,1205.0,1542.0,0.000212505976731
None0,1205.0,1543.0,0.00079689741274
None0,1205.0,1544.0,5.31264941826e-05
None0,1205.0,1545.0,0.000956276895288
None0,1205.0,1547.0,0.000425011953461
None0,1205.0,1550.0,0.000850023906922
None0,1205.0,1551.0,0.00270945120332
None0,1205.0,1553.0,0.000159379482548
None0,1205.0,1554.0,0.000212505976731
None0,1205.0,1555.0,0.00377198108697
None0,1205.0,1557.0,0.000371885459279
None0,1205.0,1558.0,0.000478138447644
None0,1205.0,1559.0,0.000850023906922
None0,1205.0,1560.0,0.000531264941826
None0,1205.0,1561.0,0.000531264941826
None0,1205.0,1562.0,0.00217818626149
None0,1205.0,1563.0,0.00754396217394
None0,1205.0,1564.0,5.31264941826e-05
None0,1205.0,1565.0,0.00233756574404
None0,1205.0,1566.0,0.00308133666259
None0,1205.0,1568.0,0.000318758965096
None0,1205.0,1569.0,0.000425011953461
None0,1205.0,1570.0,0.00717207671466
None0,1205.0,1571.0,0.000584391436009
None0,1205.0,1572.0,0.000106252988365
None0,1205.0,1573.0,0.00143441534293
None0,1205.0,1574.0,0.00106252988365
None0,1205.0,1576.0,0.000531264941826
None0,1205.0,1577.0,0.000159379482548
None0,1205.0,1579.0,0.000159379482548
None0,1205.0,1580.0,0.00212505976731
None0,1205.0,1581.0,0.0107846783191
None0,1205.0,1582.0,5.31264941826e-05
None0,1205.0,1584.0,0.000106252988365
None0,1205.0,1585.0,0.000371885459279
None0,1205.0,1586.0,0.00387823407533
None0,1205.0,1588.0,0.000371885459279
None0,1205.0,1589.0,0.000371885459279
None0,1205.0,1590.0,5.31264941826e-05
None0,1205.0,1591.0,5.31264941826e-05
None0,1205.0,1593.0,0.00223131275567
None0,1205.0,1595.0,0.000212505976731
None0,1205.0,1597.0,0.00701269723211
None0,1205.0,1598.0,5.31264941826e-05
None0,1205.0,1599.0,0.00350634861605
None0,1205.0,1600.0,0.000690644424374
None0,1205.0,1603.0,0.000106252988365
None0,1205.0,1604.0,0.000478138447644
None0,1205.0,1605.0,0.00281570419168
None0,1205.0,1606.0,5.31264941826e-05
None0,1205.0,1607.0,0.000265632470913
None0,1205.0,1608.0,0.0027625776975
None0,1205.0,1611.0,0.000212505976731
None0,1205.0,1612.0,0.000106252988365
None0,1205.0,1613.0,0.00382510758115
None0,1205.0,1614.0,0.000690644424374
None0,1205.0,1615.0,0.00116878287202
None0,1205.0,1616.0,0.000265632470913
None0,1205.0,1617.0,0.000531264941826
None0,1205.0,1618.0,0.000584391436009
None0,1205.0,1619.0,0.000318758965096
None0,1205.0,1621.0,0.00286883068586
None0,1205.0,1624.0,0.000106252988365
None0,1205.0,1625.0,0.00180630080221
None0,1205.0,1626.0,0.00132816235457
None0,1205.0,1627.0,0.000584391436009
None0,1205.0,1628.0,0.00260319821495
None0,1205.0,1629.0,0.000212505976731
None0,1205.0,1630.0,0.00106252988365
None0,1205.0,1631.0,0.000690644424374
None0,1205.0,1633.0,0.0012219093662
None0,1205.0,1634.0,0.000956276895288
None0,1205.0,1635.0,0.000478138447644
None0,1205.0,1637.0,0.000531264941826
None0,1205.0,1638.0,0.000106252988365
None0,1205.0,1639.0,0.000265632470913
None0,1205.0,1640.0,0.00233756574404
None0,1205.0,1642.0,0.000106252988365
None0,1205.0,1643.0,0.000212505976731
None0,1205.0,1644.0,0.000956276895288
None0,1205.0,1648.0,0.000637517930192
None0,1205.0,1649.0,0.000212505976731
None0,1205.0,1650.0,0.000850023906922
None0,1205.0,1651.0,0.000850023906922
None0,1205.0,1652.0,0.000265632470913
None0,1205.0,1653.0,0.000212505976731
None0,1205.0,1654.0,0.000265632470913
None0,1205.0,1655.0,0.000956276895288
None0,1205.0,1656.0,0.000690644424374
None0,1205.0,1657.0,0.000318758965096
None0,1205.0,1660.0,0.000478138447644
None0,1205.0,1662.0,0.00212505976731
None0,1205.0,1663.0,5.31264941826e-05
None0,1205.0,1664.0,0.00079689741274
None0,1205.0,1665.0,0.000106252988365
None0,1205.0,1666.0,5.31264941826e-05
None0,1205.0,1667.0,0.000265632470913
None0,1205.0,1668.0,0.000159379482548
None0,1205.0,1669.0,0.00106252988365
None0,1205.0,1670.0,5.31264941826e-05
None0,1205.0,1671.0,0.000106252988365
None0,1205.0,1672.0,0.000265632470913
None0,1205.0,1674.0,0.000265632470913
None0,1205.0,1675.0,0.000159379482548
None0,1205.0,1676.0,5.31264941826e-05
None0,1205.0,1677.0,0.000159379482548
None0,1205.0,1678.0,0.000212505976731
None0,1205.0,1679.0,0.000106252988365
None0,1205.0,1680.0,0.000106252988365
None0,1205.0,1681.0,0.000212505976731
None0,1205.0,1682.0,0.0100409074005
None0,1205.0,1683.0,0.000159379482548
None0,1205.0,1684.0,0.000850023906922
None0,1205.0,1685.0,0.00217818626149
None0,1205.0,1688.0,0.000584391436009
None0,1205.0,1689.0,0.000318758965096
None0,1205.0,1691.0,0.00191255379058
None0,1205.0,1692.0,0.000159379482548
None0,1205.0,1693.0,5.31264941826e-05
None0,1205.0,1695.0,0.00791584763321
None0,1205.0,1696.0,0.000106252988365
None0,1205.0,1697.0,0.000637517930192
None0,1205.0,1698.0,0.000584391436009
None0,1205.0,1699.0,0.000318758965096
None0,1205.0,1700.0,0.000371885459279
None0,1205.0,1701.0,0.000106252988365
None0,1205.0,1702.0,0.00403761355788
None0,1205.0,1703.0,0.000212505976731
None0,1205.0,1704.0,0.00175317430803
None0,1205.0,1705.0,5.31264941826e-05
None0,1205.0,1706.0,0.00175317430803
None0,1205.0,1707.0,0.000159379482548
None0,1205.0,1708.0,0.0012219093662
None0,1205.0,1709.0,0.000478138447644
None0,1205.0,1710.0,0.00637517930192
None0,1205.0,1711.0,0.000159379482548
None0,1205.0,1712.0,0.0143972799235
None0,1205.0,1713.0,0.000159379482548
None0,1205.0,1714.0,0.000106252988365
None0,1205.0,1715.0,0.00127503586038
None0,1205.0,1716.0,0.00361260160442
None0,1205.0,1717.0,0.00345322212187
None0,1205.0,1718.0,5.31264941826e-05
None0,1205.0,1719.0,0.000425011953461
None0,1205.0,1720.0,5.31264941826e-05
None0,1205.0,1721.0,0.00106252988365
None0,1205.0,1722.0,0.000212505976731
None0,1205.0,1723.0,0.000265632470913
None0,1205.0,1724.0,0.00116878287202
None0,1205.0,1727.0,0.00116878287202
None0,1205.0,1728.0,0.00079689741274
None0,1205.0,1729.0,5.31264941826e-05
None0,1205.0,1730.0,5.31264941826e-05
None0,1205.0,1731.0,0.0012219093662
None0,1205.0,1732.0,0.000106252988365
None0,1205.0,1733.0,0.000371885459279
None0,1205.0,1735.0,0.000584391436009
None0,1205.0,1736.0,0.000212505976731
None0,1205.0,1737.0,0.00664081177283
None0,1205.0,1739.0,0.000159379482548
None0,1205.0,1740.0,0.000212505976731
None0,1205.0,1741.0,0.000159379482548
None0,1205.0,1742.0,0.000371885459279
None0,1205.0,1744.0,0.000265632470913
None0,1205.0,1746.0,0.000637517930192
None0,1205.0,1747.0,5.31264941826e-05
None0,1205.0,1748.0,0.00138128884875
None0,1205.0,1749.0,0.00945651596451
None0,1205.0,1750.0,0.000371885459279
None0,1205.0,1751.0,0.000318758965096
None0,1205.0,1752.0,5.31264941826e-05
None0,1205.0,1754.0,5.31264941826e-05
None0,1205.0,1755.0,0.0024438187324
None0,1205.0,1756.0,0.00302821016841
None0,1205.0,1757.0,0.000425011953461
None0,1205.0,1758.0,0.00180630080221
None0,1205.0,1759.0,0.000425011953461
None0,1205.0,1760.0,5.31264941826e-05
None0,1205.0,1761.0,5.31264941826e-05
None0,1205.0,1762.0,0.000265632470913
None0,1205.0,1763.0,0.00079689741274
None0,1205.0,1764.0,0.000743770918557
None0,1205.0,1765.0,0.0101471603889
None0,1205.0,1766.0,0.00249694522658
None0,1205.0,1767.0,0.000106252988365
None0,1205.0,1769.0,0.000212505976731
None0,1205.0,1770.0,0.000106252988365
None0,1205.0,1771.0,0.000850023906922
None0,1205.0,1773.0,5.31264941826e-05
None0,1205.0,1774.0,5.31264941826e-05
None0,1205.0,1775.0,0.0067470647612
None0,1205.0,1776.0,0.00106252988365
None0,1205.0,1778.0,0.000265632470913
None0,1205.0,1779.0,0.000584391436009
None0,1205.0,1780.0,0.000637517930192
None0,1205.0,1781.0,5.31264941826e-05
None0,1205.0,1782.0,0.000159379482548
None0,1205.0,1783.0,0.00711895022047
None0,1205.0,1784.0,0.000265632470913
None0,1205.0,1785.0,0.000106252988365
None0,1205.0,1786.0,0.000106252988365
None0,1205.0,1787.0,0.000212505976731
None0,1205.0,1789.0,0.00143441534293
None0,1205.0,1791.0,5.31264941826e-05
None0,1205.0,1793.0,0.000265632470913
None0,1205.0,1794.0,0.000478138447644
None0,1205.0,1795.0,0.000425011953461
None0,1205.0,1796.0,0.00159379482548
None0,1205.0,1797.0,0.00143441534293
None0,1205.0,1798.0,0.000425011953461
None0,1205.0,1799.0,0.000318758965096
None0,1205.0,1800.0,0.000212505976731
None0,1205.0,1801.0,0.000584391436009
None0,1205.0,1802.0,0.000637517930192
None0,1205.0,1803.0,0.000159379482548
None0,1205.0,1804.0,0.000106252988365
None0,1205.0,1805.0,0.00212505976731
None0,1205.0,1807.0,0.000159379482548
None0,1205.0,1808.0,5.31264941826e-05
None0,1205.0,1809.0,0.000371885459279
None0,1205.0,1810.0,5.31264941826e-05
None0,1205.0,1811.0,0.0015406683313
None0,1205.0,1812.0,0.000531264941826
None0,1205.0,1813.0,0.0012219093662
None0,1205.0,1814.0,0.0207193327312
None0,1205.0,1816.0,5.31264941826e-05
None0,1205.0,1817.0,0.000159379482548
None0,1205.0,1818.0,0.00387823407533
None0,1205.0,1819.0,5.31264941826e-05
None0,1205.0,1821.0,0.000531264941826
None0,1205.0,1822.0,0.000318758965096
None0,1205.0,1823.0,0.00138128884875
None0,1205.0,1824.0,0.000318758965096
None0,1205.0,1825.0,0.000265632470913
None0,1205.0,1826.0,0.000371885459279
None0,1205.0,1827.0,0.00223131275567
None0,1205.0,1828.0,0.000159379482548
None0,1205.0,1829.0,0.0012219093662
None0,1205.0,1830.0,0.000212505976731
None0,1205.0,1831.0,0.000106252988365
None0,1205.0,1832.0,0.000212505976731
None0,1205.0,1833.0,0.000318758965096
None0,1205.0,1834.0,0.000212505976731
None0,1205.0,1835.0,0.000690644424374
None0,1205.0,1836.0,0.000212505976731
None0,1205.0,1837.0,0.000690644424374
None0,1205.0,1838.0,0.000106252988365
None0,1205.0,1839.0,0.000106252988365
None0,1205.0,1840.0,0.000159379482548
None0,1205.0,1842.0,0.000106252988365
None0,1205.0,1843.0,0.000212505976731
None0,1205.0,1844.0,0.00265632470913
None0,1205.0,1846.0,0.0114221962493
None0,1205.0,1847.0,0.00175317430803
None0,1205.0,1848.0,0.000159379482548
None0,1205.0,1849.0,5.31264941826e-05
None0,1205.0,1850.0,0.000212505976731
None0,1205.0,1851.0,0.00100940338947
None0,1205.0,1853.0,0.000106252988365
None0,1205.0,1854.0,0.000212505976731
None0,1205.0,1855.0,0.000425011953461
None0,1205.0,1857.0,5.31264941826e-05
None0,1205.0,1858.0,0.000743770918557
None0,1205.0,1859.0,0.000318758965096
None0,1205.0,1860.0,0.00371885459279
None0,1205.0,1861.0,0.00138128884875
None0,1205.0,1862.0,0.000318758965096
None0,1205.0,1863.0,0.000212505976731
None0,1205.0,1865.0,0.000850023906922
None0,1205.0,1867.0,0.000159379482548
None0,1205.0,1868.0,0.000478138447644
None0,1205.0,1869.0,5.31264941826e-05
None0,1205.0,1870.0,0.000318758965096
None0,1205.0,1871.0,0.00531264941826
None0,1205.0,1872.0,0.000318758965096
None0,1205.0,1873.0,0.000159379482548
None0,1205.0,1874.0,0.000903150401105
None0,1205.0,1875.0,5.31264941826e-05
None0,1205.0,1877.0,0.000690644424374
None0,1205.0,1878.0,0.000637517930192
None0,1205.0,1879.0,0.000106252988365
None0,1205.0,1880.0,5.31264941826e-05
None0,1205.0,1881.0,0.00111565637784
None0,1205.0,1882.0,0.000584391436009
None0,1205.0,1883.0,5.31264941826e-05
None0,1205.0,1884.0,0.00106252988365
None0,1205.0,1885.0,0.000106252988365
None0,1205.0,1888.0,0.000531264941826
None0,1205.0,1889.0,0.000106252988365
None0,1205.0,1890.0,0.000159379482548
None0,1205.0,1891.0,5.31264941826e-05
None0,1205.0,1892.0,5.31264941826e-05
None0,1205.0,1893.0,0.00329384263932
None0,1205.0,1894.0,0.000159379482548
None0,1205.0,1895.0,0.00233756574404
None0,1205.0,1896.0,0.000584391436009
None0,1205.0,1897.0,0.00138128884875
None0,1205.0,1899.0,0.00270945120332
None0,1205.0,1900.0,0.00217818626149
None0,1205.0,1901.0,0.00414386654625
None0,1205.0,1902.0,5.31264941826e-05
None0,1205.0,1904.0,0.0111034372842
None0,1205.0,1905.0,5.31264941826e-05
None0,1205.0,1906.0,0.000318758965096
None0,1205.0,1907.0,0.000212505976731
None0,1205.0,1908.0,0.000106252988365
None0,1205.0,1909.0,5.31264941826e-05
None0,1205.0,1910.0,0.000106252988365
None0,1205.0,1912.0,0.000106252988365
None0,1205.0,1913.0,0.000265632470913
None0,1205.0,1914.0,0.000265632470913
None0,1205.0,1915.0,0.000743770918557
None0,1205.0,1916.0,0.0015406683313
None0,1205.0,1919.0,0.000318758965096
None0,1205.0,1920.0,0.000425011953461
None0,1205.0,1921.0,0.000106252988365
None0,1205.0,1922.0,0.0105190458482
None0,1205.0,1923.0,0.000318758965096
None0,1205.0,1924.0,0.000212505976731
None0,1205.0,1925.0,0.00116878287202
None0,1205.0,1926.0,0.000371885459279
None0,1205.0,1927.0,0.000212505976731
None0,1205.0,1928.0,0.00159379482548
None0,1205.0,1930.0,5.31264941826e-05
None0,1205.0,1932.0,5.31264941826e-05
None0,1205.0,1933.0,5.31264941826e-05
None0,1205.0,1934.0,0.000690644424374
None0,1205.0,1935.0,0.00116878287202
None0,1205.0,1937.0,0.000318758965096
None0,1205.0,1938.0,5.31264941826e-05
None0,1205.0,1940.0,0.000371885459279
None0,1205.0,1942.0,0.00180630080221
None0,1205.0,1943.0,0.00170004781384
None0,1205.0,1944.0,0.00286883068586
None0,1205.0,1946.0,0.000318758965096
None0,1205.0,1947.0,0.000903150401105
None0,1205.0,1948.0,0.00170004781384
None0,1205.0,1949.0,0.000371885459279
None0,1205.0,1950.0,0.000159379482548
None0,1205.0,1952.0,0.000106252988365
None0,1205.0,1953.0,0.000425011953461
None0,1205.0,1954.0,0.000106252988365
None0,1205.0,1955.0,0.000265632470913
None0,1205.0,1956.0,0.000159379482548
None0,1205.0,1958.0,5.31264941826e-05
None0,1205.0,1959.0,0.00361260160442
None0,1205.0,1960.0,0.00541890240663
None0,1205.0,1961.0,0.000318758965096
None0,1205.0,1962.0,0.000106252988365
None0,1205.0,1963.0,0.000425011953461
None0,1205.0,1964.0,0.00201880677894
None0,1205.0,1965.0,0.000212505976731
None0,1205.0,1966.0,0.00754396217394
None0,1205.0,1967.0,0.000265632470913
None0,1205.0,1968.0,5.31264941826e-05
None0,1205.0,1969.0,0.000106252988365
None0,1205.0,1970.0,0.000318758965096
None0,1205.0,1971.0,0.000265632470913
None0,1205.0,1972.0,0.00440949901716
None0,1205.0,1973.0,0.00143441534293
None0,1205.0,1975.0,0.000425011953461
None0,1205.0,1976.0,0.00111565637784
None0,1205.0,1977.0,0.00223131275567
None0,1205.0,1978.0,0.000106252988365
None0,1205.0,1979.0,0.000425011953461
None0,1205.0,1981.0,0.000106252988365
None0,1205.0,1982.0,5.31264941826e-05
None0,1205.0,1983.0,0.000318758965096
None0,1205.0,1984.0,0.000159379482548
None0,1205.0,1985.0,5.31264941826e-05
None0,1205.0,1986.0,5.31264941826e-05
None0,1205.0,1987.0,5.31264941826e-05
None0,1205.0,1988.0,0.00079689741274
None0,1205.0,1989.0,0.000106252988365
None0,1205.0,1991.0,0.00170004781384
None0,1205.0,1992.0,0.0119534611911
None0,1205.0,1993.0,0.000159379482548
None0,1205.0,1994.0,0.000637517930192
None0,1205.0,1995.0,0.000318758965096
None0,1205.0,1997.0,0.000425011953461
None0,1205.0,1998.0,0.000265632470913
None0,1205.0,1999.0,0.00143441534293
None0,1206.0,0.0,0.000765110941086
None0,1206.0,1.0,0.0145371078806
None0,1206.0,2.0,0.017597551645
None0,1206.0,3.0,0.000765110941086
None0,1206.0,4.0,0.000255036980362
None0,1206.0,5.0,0.000255036980362
None0,1206.0,7.0,0.00102014792145
None0,1206.0,8.0,0.0135169599592
None0,1206.0,9.0,0.00433562866616
None0,1206.0,12.0,0.00102014792145
None0,1206.0,13.0,0.00331548074471
None0,1206.0,15.0,0.000510073960724
None0,1206.0,17.0,0.000255036980362
None0,1206.0,21.0,0.00229533282326
None0,1206.0,24.0,0.00127518490181
None0,1206.0,27.0,0.00357051772507
None0,1206.0,29.0,0.000765110941086
None0,1206.0,31.0,0.00535577658761
None0,1206.0,32.0,0.00280540678398
None0,1206.0,33.0,0.0020402958429
None0,1206.0,34.0,0.000255036980362
None0,1206.0,35.0,0.000765110941086
None0,1206.0,36.0,0.000510073960724
None0,1206.0,37.0,0.000255036980362
None0,1206.0,38.0,0.014792144861
None0,1206.0,50.0,0.000255036980362
None0,1206.0,69.0,0.000255036980362
None0,1206.0,70.0,0.000510073960724
None0,1206.0,72.0,0.000510073960724
None0,1206.0,73.0,0.000255036980362
None0,1206.0,77.0,0.000765110941086
None0,1206.0,82.0,0.00357051772507
None0,1206.0,83.0,0.000510073960724
None0,1206.0,88.0,0.00382555470543
None0,1206.0,89.0,0.000255036980362
None0,1206.0,91.0,0.000510073960724
None0,1206.0,130.0,0.000255036980362
None0,1206.0,159.0,0.000765110941086
None0,1206.0,162.0,0.000255036980362
None0,1206.0,168.0,0.000510073960724
None0,1206.0,169.0,0.000510073960724
None0,1206.0,171.0,0.000255036980362
None0,1206.0,174.0,0.000255036980362
None0,1206.0,175.0,0.000255036980362
None0,1206.0,177.0,0.00178525886254
None0,1206.0,178.0,0.000255036980362
None0,1206.0,180.0,0.00331548074471
None0,1206.0,189.0,0.00153022188217
None0,1206.0,191.0,0.000510073960724
None0,1206.0,194.0,0.000510073960724
None0,1206.0,195.0,0.000255036980362
None0,1206.0,198.0,0.00229533282326
None0,1206.0,201.0,0.000255036980362
None0,1206.0,202.0,0.000765110941086
None0,1206.0,227.0,0.00510073960724
None0,1206.0,229.0,0.000255036980362
None0,1206.0,230.0,0.000510073960724
None0,1206.0,238.0,0.00127518490181
None0,1206.0,243.0,0.00153022188217
None0,1206.0,247.0,0.000510073960724
None0,1206.0,248.0,0.000765110941086
None0,1206.0,249.0,0.000255036980362
None0,1206.0,250.0,0.000765110941086
None0,1206.0,251.0,0.000255036980362
None0,1206.0,252.0,0.00688599846978
None0,1206.0,253.0,0.00178525886254
None0,1206.0,257.0,0.000255036980362
None0,1206.0,258.0,0.000255036980362
None0,1206.0,261.0,0.000765110941086
None0,1206.0,265.0,0.000510073960724
None0,1206.0,266.0,0.000510073960724
None0,1206.0,270.0,0.00484570262688
None0,1206.0,271.0,0.00127518490181
None0,1206.0,272.0,0.000255036980362
None0,1206.0,275.0,0.000510073960724
None0,1206.0,276.0,0.00382555470543
None0,1206.0,278.0,0.000255036980362
None0,1206.0,279.0,0.00280540678398
None0,1206.0,282.0,0.000255036980362
None0,1206.0,286.0,0.000510073960724
None0,1206.0,288.0,0.00382555470543
None0,1206.0,294.0,0.000255036980362
None0,1206.0,298.0,0.000255036980362
None0,1206.0,301.0,0.000510073960724
None0,1206.0,304.0,0.00969140525376
None0,1206.0,309.0,0.000255036980362
None0,1206.0,315.0,0.000255036980362
None0,1206.0,317.0,0.000510073960724
None0,1206.0,319.0,0.000765110941086
None0,1206.0,327.0,0.000255036980362
None0,1206.0,353.0,0.00102014792145
None0,1206.0,364.0,0.000765110941086
None0,1206.0,369.0,0.000510073960724
None0,1206.0,370.0,0.00280540678398
None0,1206.0,378.0,0.00433562866616
None0,1206.0,382.0,0.00178525886254
None0,1206.0,388.0,0.0346850293293
None0,1206.0,390.0,0.000255036980362
None0,1206.0,395.0,0.000255036980362
None0,1206.0,396.0,0.0107115531752
None0,1206.0,398.0,0.00382555470543
None0,1206.0,399.0,0.0193828105075
None0,1206.0,400.0,0.00306044376435
None0,1206.0,401.0,0.0476919153277
None0,1206.0,402.0,0.0234634021933
None0,1206.0,405.0,0.0229533282326
None0,1206.0,409.0,0.00102014792145
None0,1206.0,410.0,0.0181076256057
None0,1206.0,411.0,0.00484570262688
None0,1206.0,412.0,0.0130068859985
None0,1206.0,413.0,0.0229533282326
None0,1206.0,416.0,0.000510073960724
None0,1206.0,419.0,0.00790614639123
None0,1206.0,420.0,0.00153022188217
None0,1206.0,423.0,0.000255036980362
None0,1206.0,425.0,0.00153022188217
None0,1206.0,439.0,0.000510073960724
None0,1206.0,441.0,0.000510073960724
None0,1206.0,447.0,0.000255036980362
None0,1206.0,448.0,0.000510073960724
None0,1206.0,457.0,0.000510073960724
None0,1206.0,458.0,0.000510073960724
None0,1206.0,462.0,0.00153022188217
None0,1206.0,469.0,0.00433562866616
None0,1206.0,471.0,0.000765110941086
None0,1206.0,472.0,0.00306044376435
None0,1206.0,473.0,0.00484570262688
None0,1206.0,478.0,0.00510073960724
None0,1206.0,487.0,0.000255036980362
None0,1206.0,490.0,0.0109665901556
None0,1206.0,492.0,0.000255036980362
None0,1206.0,506.0,0.00433562866616
None0,1206.0,509.0,0.000255036980362
None0,1206.0,510.0,0.00178525886254
None0,1206.0,517.0,0.000255036980362
None0,1206.0,519.0,0.000255036980362
None0,1206.0,526.0,0.000255036980362
None0,1206.0,528.0,0.00714103545014
None0,1206.0,530.0,0.000765110941086
None0,1206.0,533.0,0.000765110941086
None0,1206.0,545.0,0.0020402958429
None0,1206.0,551.0,0.000255036980362
None0,1206.0,553.0,0.000255036980362
None0,1206.0,557.0,0.000765110941086
None0,1206.0,564.0,0.0020402958429
None0,1206.0,566.0,0.000255036980362
None0,1206.0,568.0,0.000255036980362
None0,1206.0,569.0,0.017597551645
None0,1206.0,576.0,0.000255036980362
None0,1206.0,581.0,0.000255036980362
None0,1206.0,587.0,0.000510073960724
None0,1206.0,595.0,0.000255036980362
None0,1206.0,605.0,0.000255036980362
None0,1206.0,606.0,0.000255036980362
None0,1206.0,607.0,0.000255036980362
None0,1206.0,613.0,0.00102014792145
None0,1206.0,614.0,0.000510073960724
None0,1206.0,621.0,0.000255036980362
None0,1206.0,623.0,0.000255036980362
None0,1206.0,625.0,0.000255036980362
None0,1206.0,634.0,0.000510073960724
None0,1206.0,635.0,0.00178525886254
None0,1206.0,638.0,0.000255036980362
None0,1206.0,641.0,0.000255036980362
None0,1206.0,645.0,0.000255036980362
None0,1206.0,663.0,0.000510073960724
None0,1206.0,665.0,0.000510073960724
None0,1206.0,667.0,0.000510073960724
None0,1206.0,669.0,0.00127518490181
None0,1206.0,673.0,0.00229533282326
None0,1206.0,689.0,0.000510073960724
None0,1206.0,691.0,0.000765110941086
None0,1206.0,717.0,0.00586585054833
None0,1206.0,719.0,0.000255036980362
None0,1206.0,721.0,0.000255036980362
None0,1206.0,723.0,0.00994644223412
None0,1206.0,729.0,0.000510073960724
None0,1206.0,734.0,0.000255036980362
None0,1206.0,739.0,0.000255036980362
None0,1206.0,740.0,0.000255036980362
None0,1206.0,743.0,0.000510073960724
None0,1206.0,744.0,0.000510073960724
None0,1206.0,755.0,0.00229533282326
None0,1206.0,756.0,0.00178525886254
None0,1206.0,757.0,0.00382555470543
None0,1206.0,766.0,0.000255036980362
None0,1206.0,767.0,0.000255036980362
None0,1206.0,768.0,0.000510073960724
None0,1206.0,773.0,0.044376434583
None0,1206.0,774.0,0.00255036980362
None0,1206.0,775.0,0.000510073960724
None0,1206.0,785.0,0.000510073960724
None0,1206.0,787.0,0.000255036980362
None0,1206.0,797.0,0.000255036980362
None0,1206.0,799.0,0.000255036980362
None0,1206.0,810.0,0.000255036980362
None0,1206.0,822.0,0.00127518490181
None0,1206.0,824.0,0.000255036980362
None0,1206.0,825.0,0.000765110941086
None0,1206.0,867.0,0.000255036980362
None0,1206.0,868.0,0.000510073960724
None0,1206.0,883.0,0.00102014792145
None0,1206.0,887.0,0.000255036980362
None0,1206.0,894.0,0.000255036980362
None0,1206.0,896.0,0.000255036980362
None0,1206.0,897.0,0.00153022188217
None0,1206.0,898.0,0.000510073960724
None0,1206.0,908.0,0.000255036980362
None0,1206.0,920.0,0.000255036980362
None0,1206.0,929.0,0.000255036980362
None0,1206.0,950.0,0.000510073960724
None0,1206.0,964.0,0.00153022188217
None0,1206.0,984.0,0.000255036980362
None0,1206.0,989.0,0.00127518490181
None0,1206.0,993.0,0.00102014792145
None0,1206.0,1000.0,0.000255036980362
None0,1206.0,1003.0,0.00280540678398
None0,1206.0,1013.0,0.000255036980362
None0,1206.0,1015.0,0.00382555470543
None0,1206.0,1022.0,0.00102014792145
None0,1206.0,1024.0,0.000255036980362
None0,1206.0,1030.0,0.000255036980362
None0,1206.0,1042.0,0.000510073960724
None0,1206.0,1043.0,0.000510073960724
None0,1206.0,1047.0,0.000255036980362
None0,1206.0,1052.0,0.000255036980362
None0,1206.0,1054.0,0.00229533282326
None0,1206.0,1065.0,0.000510073960724
None0,1206.0,1078.0,0.000255036980362
None0,1206.0,1081.0,0.000255036980362
None0,1206.0,1086.0,0.000255036980362
None0,1206.0,1114.0,0.00535577658761
None0,1206.0,1116.0,0.000255036980362
None0,1206.0,1132.0,0.00102014792145
None0,1206.0,1137.0,0.00892629431268
None0,1206.0,1142.0,0.00535577658761
None0,1206.0,1143.0,0.000510073960724
None0,1206.0,1144.0,0.000255036980362
None0,1206.0,1156.0,0.00535577658761
None0,1206.0,1162.0,0.000510073960724
None0,1206.0,1163.0,0.000510073960724
None0,1206.0,1166.0,0.000255036980362
None0,1206.0,1172.0,0.00153022188217
None0,1206.0,1177.0,0.0020402958429
None0,1206.0,1178.0,0.00535577658761
None0,1206.0,1179.0,0.000255036980362
None0,1206.0,1181.0,0.000255036980362
None0,1206.0,1184.0,0.000510073960724
None0,1206.0,1186.0,0.00102014792145
None0,1206.0,1193.0,0.00153022188217
None0,1206.0,1208.0,0.00127518490181
None0,1206.0,1214.0,0.000255036980362
None0,1206.0,1223.0,0.000255036980362
None0,1206.0,1228.0,0.00127518490181
None0,1206.0,1235.0,0.000255036980362
None0,1206.0,1237.0,0.000510073960724
None0,1206.0,1246.0,0.000255036980362
None0,1206.0,1247.0,0.000510073960724
None0,1206.0,1248.0,0.000255036980362
None0,1206.0,1270.0,0.00994644223412
None0,1206.0,1274.0,0.000255036980362
None0,1206.0,1278.0,0.000510073960724
None0,1206.0,1279.0,0.000510073960724
None0,1206.0,1294.0,0.000255036980362
None0,1206.0,1295.0,0.000510073960724
None0,1206.0,1299.0,0.00178525886254
None0,1206.0,1301.0,0.00153022188217
None0,1206.0,1316.0,0.00102014792145
None0,1206.0,1317.0,0.000255036980362
None0,1206.0,1323.0,0.000765110941086
None0,1206.0,1338.0,0.000510073960724
None0,1206.0,1342.0,0.000255036980362
None0,1206.0,1347.0,0.000255036980362
None0,1206.0,1348.0,0.000255036980362
None0,1206.0,1357.0,0.000255036980362
None0,1206.0,1359.0,0.000255036980362
None0,1206.0,1367.0,0.000510073960724
None0,1206.0,1379.0,0.000255036980362
None0,1206.0,1385.0,0.000255036980362
None0,1206.0,1387.0,0.00382555470543
None0,1206.0,1392.0,0.00178525886254
None0,1206.0,1395.0,0.000255036980362
None0,1206.0,1402.0,0.000255036980362
None0,1206.0,1408.0,0.000510073960724
None0,1206.0,1413.0,0.00102014792145
None0,1206.0,1419.0,0.000510073960724
None0,1206.0,1420.0,0.000255036980362
None0,1206.0,1422.0,0.000510073960724
None0,1206.0,1423.0,0.000765110941086
None0,1206.0,1425.0,0.000510073960724
None0,1206.0,1429.0,0.00127518490181
None0,1206.0,1437.0,0.000510073960724
None0,1206.0,1438.0,0.0102014792145
None0,1206.0,1442.0,0.000765110941086
None0,1206.0,1454.0,0.00102014792145
None0,1206.0,1462.0,0.000255036980362
None0,1206.0,1465.0,0.000255036980362
None0,1206.0,1469.0,0.000255036980362
None0,1206.0,1481.0,0.000255036980362
None0,1206.0,1485.0,0.000255036980362
None0,1206.0,1486.0,0.000255036980362
None0,1206.0,1492.0,0.000255036980362
None0,1206.0,1495.0,0.000255036980362
None0,1206.0,1505.0,0.000510073960724
None0,1206.0,1506.0,0.000255036980362
None0,1206.0,1507.0,0.000255036980362
None0,1206.0,1511.0,0.000510073960724
None0,1206.0,1514.0,0.000255036980362
None0,1206.0,1519.0,0.000255036980362
None0,1206.0,1522.0,0.00535577658761
None0,1206.0,1526.0,0.00127518490181
None0,1206.0,1528.0,0.000510073960724
None0,1206.0,1529.0,0.000510073960724
None0,1206.0,1540.0,0.000765110941086
None0,1206.0,1541.0,0.000765110941086
None0,1206.0,1544.0,0.000255036980362
None0,1206.0,1545.0,0.000255036980362
None0,1206.0,1551.0,0.0020402958429
None0,1206.0,1563.0,0.000255036980362
None0,1206.0,1564.0,0.000765110941086
None0,1206.0,1566.0,0.000765110941086
None0,1206.0,1569.0,0.000765110941086
None0,1206.0,1574.0,0.000255036980362
None0,1206.0,1580.0,0.000510073960724
None0,1206.0,1586.0,0.000510073960724
None0,1206.0,1588.0,0.000510073960724
None0,1206.0,1589.0,0.000255036980362
None0,1206.0,1591.0,0.000510073960724
None0,1206.0,1593.0,0.000255036980362
None0,1206.0,1597.0,0.00331548074471
None0,1206.0,1599.0,0.00178525886254
None0,1206.0,1601.0,0.000255036980362
None0,1206.0,1607.0,0.000510073960724
None0,1206.0,1609.0,0.0117317010967
None0,1206.0,1612.0,0.000510073960724
None0,1206.0,1616.0,0.00127518490181
None0,1206.0,1618.0,0.00255036980362
None0,1206.0,1621.0,0.000255036980362
None0,1206.0,1625.0,0.000255036980362
None0,1206.0,1627.0,0.000255036980362
None0,1206.0,1628.0,0.000510073960724
None0,1206.0,1633.0,0.000255036980362
None0,1206.0,1639.0,0.00510073960724
None0,1206.0,1640.0,0.00229533282326
None0,1206.0,1642.0,0.000255036980362
None0,1206.0,1649.0,0.000255036980362
None0,1206.0,1664.0,0.000255036980362
None0,1206.0,1668.0,0.000255036980362
None0,1206.0,1672.0,0.000255036980362
None0,1206.0,1674.0,0.000255036980362
None0,1206.0,1677.0,0.00408059168579
None0,1206.0,1684.0,0.000255036980362
None0,1206.0,1685.0,0.000255036980362
None0,1206.0,1686.0,0.000765110941086
None0,1206.0,1687.0,0.000255036980362
None0,1206.0,1700.0,0.000765110941086
None0,1206.0,1701.0,0.00816118337159
None0,1206.0,1704.0,0.000255036980362
None0,1206.0,1709.0,0.000255036980362
None0,1206.0,1710.0,0.0196378474879
None0,1206.0,1714.0,0.000255036980362
None0,1206.0,1715.0,0.000765110941086
None0,1206.0,1716.0,0.000255036980362
None0,1206.0,1722.0,0.000255036980362
None0,1206.0,1727.0,0.000255036980362
None0,1206.0,1731.0,0.0020402958429
None0,1206.0,1733.0,0.000765110941086
None0,1206.0,1737.0,0.00255036980362
None0,1206.0,1742.0,0.00688599846978
None0,1206.0,1755.0,0.00484570262688
None0,1206.0,1767.0,0.000255036980362
None0,1206.0,1773.0,0.00178525886254
None0,1206.0,1775.0,0.000255036980362
None0,1206.0,1777.0,0.000255036980362
None0,1206.0,1787.0,0.000255036980362
None0,1206.0,1795.0,0.000255036980362
None0,1206.0,1796.0,0.000255036980362
None0,1206.0,1802.0,0.000255036980362
None0,1206.0,1803.0,0.000255036980362
None0,1206.0,1805.0,0.00229533282326
None0,1206.0,1806.0,0.0392756949758
None0,1206.0,1816.0,0.000255036980362
None0,1206.0,1827.0,0.000765110941086
None0,1206.0,1834.0,0.00153022188217
None0,1206.0,1837.0,0.000510073960724
None0,1206.0,1844.0,0.000255036980362
None0,1206.0,1847.0,0.000765110941086
None0,1206.0,1877.0,0.000255036980362
None0,1206.0,1878.0,0.0020402958429
None0,1206.0,1883.0,0.000255036980362
None0,1206.0,1886.0,0.000510073960724
None0,1206.0,1896.0,0.000510073960724
None0,1206.0,1897.0,0.000255036980362
None0,1206.0,1901.0,0.000255036980362
None0,1206.0,1907.0,0.00153022188217
None0,1206.0,1908.0,0.000255036980362
None0,1206.0,1911.0,0.00229533282326
None0,1206.0,1913.0,0.00178525886254
None0,1206.0,1944.0,0.0112216271359
None0,1206.0,1948.0,0.0020402958429
None0,1206.0,1965.0,0.00102014792145
None0,1206.0,1978.0,0.000255036980362
None0,1206.0,1983.0,0.000255036980362
None0,1206.0,1988.0,0.000255036980362
None0,1206.0,1991.0,0.00102014792145
None0,1206.0,1993.0,0.000255036980362
None0,1206.0,1994.0,0.000255036980362
None0,1207.0,0.0,0.00479616306954
None0,1207.0,2.0,0.000399680255795
None0,1207.0,3.0,0.00299760191847
None0,1207.0,4.0,0.00159872102318
None0,1207.0,5.0,0.00179856115108
None0,1207.0,7.0,0.000199840127898
None0,1207.0,12.0,0.00259792166267
None0,1207.0,13.0,0.00759392486011
None0,1207.0,15.0,0.000199840127898
None0,1207.0,16.0,0.000199840127898
None0,1207.0,21.0,0.000599520383693
None0,1207.0,24.0,0.00119904076739
None0,1207.0,26.0,0.000199840127898
None0,1207.0,27.0,0.0153876898481
None0,1207.0,28.0,0.0119904076739
None0,1207.0,29.0,0.00159872102318
None0,1207.0,30.0,0.00419664268585
None0,1207.0,33.0,0.00579536370903
None0,1207.0,34.0,0.000199840127898
None0,1207.0,35.0,0.000399680255795
None0,1207.0,36.0,0.000799360511591
None0,1207.0,37.0,0.000199840127898
None0,1207.0,38.0,0.00739408473221
None0,1207.0,39.0,0.00619504396483
None0,1207.0,40.0,0.00319744204636
None0,1207.0,42.0,0.00119904076739
None0,1207.0,44.0,0.000199840127898
None0,1207.0,45.0,0.000599520383693
None0,1207.0,46.0,0.00239808153477
None0,1207.0,47.0,0.000199840127898
None0,1207.0,49.0,0.000599520383693
None0,1207.0,51.0,0.000599520383693
None0,1207.0,52.0,0.000999200639488
None0,1207.0,54.0,0.000199840127898
None0,1207.0,57.0,0.000199840127898
None0,1207.0,58.0,0.000799360511591
None0,1207.0,60.0,0.00199840127898
None0,1207.0,61.0,0.000399680255795
None0,1207.0,62.0,0.00119904076739
None0,1207.0,63.0,0.00159872102318
None0,1207.0,64.0,0.000199840127898
None0,1207.0,65.0,0.000599520383693
None0,1207.0,66.0,0.00139888089528
None0,1207.0,67.0,0.000199840127898
None0,1207.0,68.0,0.000199840127898
None0,1207.0,69.0,0.00159872102318
None0,1207.0,74.0,0.000799360511591
None0,1207.0,82.0,0.000399680255795
None0,1207.0,84.0,0.000399680255795
None0,1207.0,91.0,0.00139888089528
None0,1207.0,93.0,0.000199840127898
None0,1207.0,94.0,0.0089928057554
None0,1207.0,105.0,0.000199840127898
None0,1207.0,106.0,0.00199840127898
None0,1207.0,107.0,0.000999200639488
None0,1207.0,110.0,0.000399680255795
None0,1207.0,111.0,0.000399680255795
None0,1207.0,113.0,0.000399680255795
None0,1207.0,117.0,0.00139888089528
None0,1207.0,119.0,0.000399680255795
None0,1207.0,123.0,0.000599520383693
None0,1207.0,125.0,0.000999200639488
None0,1207.0,128.0,0.00299760191847
None0,1207.0,139.0,0.000999200639488
None0,1207.0,140.0,0.000199840127898
None0,1207.0,141.0,0.000599520383693
None0,1207.0,142.0,0.000199840127898
None0,1207.0,148.0,0.00259792166267
None0,1207.0,154.0,0.000599520383693
None0,1207.0,161.0,0.000199840127898
None0,1207.0,164.0,0.000599520383693
None0,1207.0,167.0,0.000199840127898
None0,1207.0,168.0,0.000399680255795
None0,1207.0,169.0,0.000199840127898
None0,1207.0,171.0,0.000199840127898
None0,1207.0,177.0,0.0083932853717
None0,1207.0,178.0,0.00159872102318
None0,1207.0,179.0,0.000799360511591
None0,1207.0,182.0,0.000199840127898
None0,1207.0,185.0,0.000399680255795
None0,1207.0,187.0,0.00159872102318
None0,1207.0,188.0,0.000199840127898
None0,1207.0,189.0,0.000399680255795
None0,1207.0,190.0,0.000399680255795
None0,1207.0,194.0,0.00219824140687
None0,1207.0,195.0,0.000399680255795
None0,1207.0,198.0,0.000399680255795
None0,1207.0,199.0,0.000399680255795
None0,1207.0,200.0,0.00119904076739
None0,1207.0,201.0,0.00379696243006
None0,1207.0,204.0,0.000399680255795
None0,1207.0,205.0,0.00379696243006
None0,1207.0,221.0,0.000199840127898
None0,1207.0,222.0,0.000399680255795
None0,1207.0,227.0,0.000399680255795
None0,1207.0,228.0,0.00219824140687
None0,1207.0,229.0,0.000999200639488
None0,1207.0,231.0,0.00139888089528
None0,1207.0,238.0,0.000799360511591
None0,1207.0,239.0,0.000199840127898
None0,1207.0,241.0,0.000199840127898
None0,1207.0,243.0,0.000399680255795
None0,1207.0,244.0,0.000799360511591
None0,1207.0,245.0,0.000599520383693
None0,1207.0,246.0,0.000799360511591
None0,1207.0,247.0,0.00799360511591
None0,1207.0,249.0,0.00139888089528
None0,1207.0,250.0,0.00159872102318
None0,1207.0,251.0,0.00679456434852
None0,1207.0,252.0,0.000799360511591
None0,1207.0,253.0,0.000399680255795
None0,1207.0,254.0,0.00139888089528
None0,1207.0,255.0,0.000399680255795
None0,1207.0,257.0,0.000399680255795
None0,1207.0,258.0,0.0201838529177
None0,1207.0,259.0,0.000599520383693
None0,1207.0,260.0,0.000199840127898
None0,1207.0,261.0,0.000799360511591
None0,1207.0,262.0,0.000599520383693
None0,1207.0,266.0,0.000399680255795
None0,1207.0,269.0,0.000799360511591
None0,1207.0,270.0,0.00299760191847
None0,1207.0,276.0,0.000199840127898
None0,1207.0,286.0,0.00439648281375
None0,1207.0,288.0,0.000999200639488
None0,1207.0,290.0,0.00139888089528
None0,1207.0,291.0,0.00319744204636
None0,1207.0,296.0,0.000199840127898
None0,1207.0,297.0,0.000199840127898
None0,1207.0,298.0,0.000599520383693
None0,1207.0,301.0,0.00399680255795
None0,1207.0,302.0,0.000199840127898
None0,1207.0,304.0,0.000799360511591
None0,1207.0,305.0,0.000599520383693
None0,1207.0,309.0,0.00379696243006
None0,1207.0,310.0,0.0363709032774
None0,1207.0,313.0,0.0103916866507
None0,1207.0,314.0,0.00199840127898
None0,1207.0,315.0,0.000799360511591
None0,1207.0,317.0,0.000999200639488
None0,1207.0,319.0,0.00239808153477
None0,1207.0,320.0,0.000199840127898
None0,1207.0,323.0,0.000599520383693
None0,1207.0,324.0,0.000999200639488
None0,1207.0,325.0,0.000399680255795
None0,1207.0,327.0,0.000399680255795
None0,1207.0,328.0,0.000199840127898
None0,1207.0,330.0,0.000199840127898
None0,1207.0,332.0,0.000799360511591
None0,1207.0,333.0,0.000599520383693
None0,1207.0,336.0,0.000199840127898
None0,1207.0,338.0,0.000199840127898
None0,1207.0,339.0,0.000399680255795
None0,1207.0,340.0,0.00139888089528
None0,1207.0,342.0,0.000199840127898
None0,1207.0,346.0,0.00119904076739
None0,1207.0,347.0,0.000399680255795
None0,1207.0,348.0,0.000999200639488
None0,1207.0,349.0,0.000199840127898
None0,1207.0,353.0,0.000199840127898
None0,1207.0,357.0,0.000199840127898
None0,1207.0,358.0,0.00259792166267
None0,1207.0,359.0,0.000799360511591
None0,1207.0,360.0,0.000199840127898
None0,1207.0,362.0,0.00119904076739
None0,1207.0,364.0,0.00179856115108
None0,1207.0,365.0,0.00719424460432
None0,1207.0,367.0,0.00139888089528
None0,1207.0,369.0,0.00759392486011
None0,1207.0,370.0,0.000799360511591
None0,1207.0,371.0,0.000199840127898
None0,1207.0,373.0,0.000599520383693
None0,1207.0,378.0,0.00179856115108
None0,1207.0,380.0,0.000599520383693
None0,1207.0,383.0,0.00119904076739
None0,1207.0,386.0,0.000199840127898
None0,1207.0,387.0,0.000999200639488
None0,1207.0,388.0,0.000199840127898
None0,1207.0,390.0,0.00299760191847
None0,1207.0,391.0,0.000199840127898
None0,1207.0,393.0,0.000599520383693
None0,1207.0,394.0,0.00919264588329
None0,1207.0,398.0,0.000199840127898
None0,1207.0,403.0,0.00419664268585
None0,1207.0,411.0,0.000199840127898
None0,1207.0,415.0,0.0119904076739
None0,1207.0,417.0,0.000199840127898
None0,1207.0,419.0,0.000199840127898
None0,1207.0,420.0,0.000599520383693
None0,1207.0,424.0,0.000599520383693
None0,1207.0,425.0,0.000399680255795
None0,1207.0,429.0,0.000399680255795
None0,1207.0,432.0,0.000799360511591
None0,1207.0,437.0,0.00379696243006
None0,1207.0,439.0,0.0153876898481
None0,1207.0,442.0,0.00199840127898
None0,1207.0,443.0,0.000199840127898
None0,1207.0,445.0,0.000999200639488
None0,1207.0,448.0,0.000199840127898
None0,1207.0,450.0,0.000599520383693
None0,1207.0,451.0,0.000199840127898
None0,1207.0,452.0,0.000599520383693
None0,1207.0,453.0,0.000999200639488
None0,1207.0,454.0,0.000599520383693
None0,1207.0,457.0,0.00279776179057
None0,1207.0,458.0,0.000399680255795
None0,1207.0,459.0,0.00179856115108
None0,1207.0,460.0,0.000999200639488
None0,1207.0,462.0,0.000399680255795
None0,1207.0,463.0,0.000199840127898
None0,1207.0,465.0,0.000799360511591
None0,1207.0,466.0,0.000599520383693
None0,1207.0,467.0,0.00279776179057
None0,1207.0,472.0,0.000199840127898
None0,1207.0,477.0,0.000199840127898
None0,1207.0,478.0,0.000199840127898
None0,1207.0,480.0,0.000199840127898
None0,1207.0,481.0,0.000199840127898
None0,1207.0,482.0,0.00199840127898
None0,1207.0,483.0,0.000599520383693
None0,1207.0,484.0,0.00159872102318
None0,1207.0,486.0,0.000399680255795
None0,1207.0,488.0,0.00359712230216
None0,1207.0,489.0,0.000399680255795
None0,1207.0,490.0,0.000799360511591
None0,1207.0,495.0,0.00519584332534
None0,1207.0,496.0,0.000399680255795
None0,1207.0,499.0,0.000799360511591
None0,1207.0,501.0,0.000399680255795
None0,1207.0,504.0,0.000599520383693
None0,1207.0,505.0,0.00699440447642
None0,1207.0,506.0,0.00259792166267
None0,1207.0,509.0,0.00239808153477
None0,1207.0,511.0,0.000199840127898
None0,1207.0,512.0,0.000399680255795
None0,1207.0,513.0,0.000199840127898
None0,1207.0,515.0,0.000999200639488
None0,1207.0,516.0,0.00159872102318
None0,1207.0,517.0,0.00159872102318
None0,1207.0,519.0,0.000199840127898
None0,1207.0,523.0,0.000999200639488
None0,1207.0,526.0,0.00339728217426
None0,1207.0,528.0,0.000599520383693
None0,1207.0,531.0,0.00579536370903
None0,1207.0,532.0,0.000199840127898
None0,1207.0,533.0,0.000999200639488
None0,1207.0,538.0,0.000199840127898
None0,1207.0,545.0,0.000199840127898
None0,1207.0,546.0,0.00199840127898
None0,1207.0,552.0,0.00259792166267
None0,1207.0,553.0,0.0115907274181
None0,1207.0,554.0,0.00139888089528
None0,1207.0,561.0,0.000199840127898
None0,1207.0,564.0,0.00159872102318
None0,1207.0,568.0,0.013589128697
None0,1207.0,571.0,0.000399680255795
None0,1207.0,572.0,0.00259792166267
None0,1207.0,573.0,0.000199840127898
None0,1207.0,574.0,0.000599520383693
None0,1207.0,575.0,0.000599520383693
None0,1207.0,577.0,0.000199840127898
None0,1207.0,578.0,0.000199840127898
None0,1207.0,579.0,0.000199840127898
None0,1207.0,580.0,0.00639488409273
None0,1207.0,582.0,0.00619504396483
None0,1207.0,586.0,0.000199840127898
None0,1207.0,588.0,0.000999200639488
None0,1207.0,590.0,0.000199840127898
None0,1207.0,591.0,0.000599520383693
None0,1207.0,594.0,0.000199840127898
None0,1207.0,595.0,0.000399680255795
None0,1207.0,596.0,0.000799360511591
None0,1207.0,598.0,0.000799360511591
None0,1207.0,599.0,0.00139888089528
None0,1207.0,600.0,0.000199840127898
None0,1207.0,602.0,0.00119904076739
None0,1207.0,604.0,0.00159872102318
None0,1207.0,606.0,0.00479616306954
None0,1207.0,607.0,0.000199840127898
None0,1207.0,608.0,0.0083932853717
None0,1207.0,609.0,0.000199840127898
None0,1207.0,612.0,0.00259792166267
None0,1207.0,615.0,0.000599520383693
None0,1207.0,616.0,0.000599520383693
None0,1207.0,617.0,0.000599520383693
None0,1207.0,619.0,0.000399680255795
None0,1207.0,620.0,0.00179856115108
None0,1207.0,622.0,0.000199840127898
None0,1207.0,624.0,0.000999200639488
None0,1207.0,627.0,0.000599520383693
None0,1207.0,629.0,0.000799360511591
None0,1207.0,630.0,0.000999200639488
None0,1207.0,631.0,0.000799360511591
None0,1207.0,632.0,0.000199840127898
None0,1207.0,635.0,0.000199840127898
None0,1207.0,636.0,0.000599520383693
None0,1207.0,637.0,0.000599520383693
None0,1207.0,638.0,0.000999200639488
None0,1207.0,641.0,0.000199840127898
None0,1207.0,643.0,0.000199840127898
None0,1207.0,645.0,0.00239808153477
None0,1207.0,648.0,0.000199840127898
None0,1207.0,649.0,0.000199840127898
None0,1207.0,650.0,0.000799360511591
None0,1207.0,651.0,0.000199840127898
None0,1207.0,654.0,0.000599520383693
None0,1207.0,659.0,0.000799360511591
None0,1207.0,660.0,0.000199840127898
None0,1207.0,661.0,0.000199840127898
None0,1207.0,662.0,0.000199840127898
None0,1207.0,664.0,0.000799360511591
None0,1207.0,665.0,0.00479616306954
None0,1207.0,666.0,0.000399680255795
None0,1207.0,667.0,0.00139888089528
None0,1207.0,668.0,0.000399680255795
None0,1207.0,669.0,0.00179856115108
None0,1207.0,670.0,0.000599520383693
None0,1207.0,671.0,0.00119904076739
None0,1207.0,673.0,0.000399680255795
None0,1207.0,677.0,0.00199840127898
None0,1207.0,680.0,0.000399680255795
None0,1207.0,681.0,0.0837330135891
None0,1207.0,685.0,0.00119904076739
None0,1207.0,687.0,0.000199840127898
None0,1207.0,689.0,0.000199840127898
None0,1207.0,691.0,0.000399680255795
None0,1207.0,692.0,0.000999200639488
None0,1207.0,695.0,0.000599520383693
None0,1207.0,696.0,0.000199840127898
None0,1207.0,697.0,0.000399680255795
None0,1207.0,700.0,0.00279776179057
None0,1207.0,704.0,0.00219824140687
None0,1207.0,707.0,0.000399680255795
None0,1207.0,709.0,0.000399680255795
None0,1207.0,713.0,0.000199840127898
None0,1207.0,717.0,0.000199840127898
None0,1207.0,718.0,0.00259792166267
None0,1207.0,722.0,0.000399680255795
None0,1207.0,724.0,0.000199840127898
None0,1207.0,725.0,0.000799360511591
None0,1207.0,726.0,0.000999200639488
None0,1207.0,727.0,0.00219824140687
None0,1207.0,729.0,0.000199840127898
None0,1207.0,730.0,0.00119904076739
None0,1207.0,734.0,0.000799360511591
None0,1207.0,735.0,0.000799360511591
None0,1207.0,737.0,0.000399680255795
None0,1207.0,738.0,0.00119904076739
None0,1207.0,739.0,0.00159872102318
None0,1207.0,745.0,0.000399680255795
None0,1207.0,746.0,0.000199840127898
None0,1207.0,747.0,0.00219824140687
None0,1207.0,751.0,0.00399680255795
None0,1207.0,753.0,0.000399680255795
None0,1207.0,754.0,0.00119904076739
None0,1207.0,763.0,0.000199840127898
None0,1207.0,765.0,0.000199840127898
None0,1207.0,767.0,0.00119904076739
None0,1207.0,768.0,0.000199840127898
None0,1207.0,769.0,0.00199840127898
None0,1207.0,770.0,0.000599520383693
None0,1207.0,775.0,0.000199840127898
None0,1207.0,776.0,0.000199840127898
None0,1207.0,780.0,0.00119904076739
None0,1207.0,781.0,0.00139888089528
None0,1207.0,783.0,0.00399680255795
None0,1207.0,784.0,0.000199840127898
None0,1207.0,785.0,0.000999200639488
None0,1207.0,789.0,0.000599520383693
None0,1207.0,791.0,0.000399680255795
None0,1207.0,792.0,0.00239808153477
None0,1207.0,793.0,0.000599520383693
None0,1207.0,795.0,0.000399680255795
None0,1207.0,797.0,0.000199840127898
None0,1207.0,799.0,0.000199840127898
None0,1207.0,800.0,0.000399680255795
None0,1207.0,801.0,0.00119904076739
None0,1207.0,804.0,0.000199840127898
None0,1207.0,805.0,0.00199840127898
None0,1207.0,807.0,0.00279776179057
None0,1207.0,812.0,0.00439648281375
None0,1207.0,815.0,0.000199840127898
None0,1207.0,816.0,0.000399680255795
None0,1207.0,817.0,0.000199840127898
None0,1207.0,818.0,0.000199840127898
None0,1207.0,822.0,0.000199840127898
None0,1207.0,823.0,0.000599520383693
None0,1207.0,824.0,0.000199840127898
None0,1207.0,825.0,0.00159872102318
None0,1207.0,826.0,0.000399680255795
None0,1207.0,827.0,0.00219824140687
None0,1207.0,829.0,0.000799360511591
None0,1207.0,830.0,0.000199840127898
None0,1207.0,834.0,0.000199840127898
None0,1207.0,839.0,0.00259792166267
None0,1207.0,843.0,0.000999200639488
None0,1207.0,847.0,0.000599520383693
None0,1207.0,848.0,0.0359712230216
None0,1207.0,851.0,0.00119904076739
None0,1207.0,852.0,0.000199840127898
None0,1207.0,855.0,0.000399680255795
None0,1207.0,857.0,0.00999200639488
None0,1207.0,860.0,0.000399680255795
None0,1207.0,861.0,0.00139888089528
None0,1207.0,862.0,0.000599520383693
None0,1207.0,863.0,0.00299760191847
None0,1207.0,864.0,0.000399680255795
None0,1207.0,867.0,0.00239808153477
None0,1207.0,868.0,0.000999200639488
None0,1207.0,869.0,0.000199840127898
None0,1207.0,870.0,0.00259792166267
None0,1207.0,877.0,0.000399680255795
None0,1207.0,883.0,0.000199840127898
None0,1207.0,886.0,0.000199840127898
None0,1207.0,887.0,0.000999200639488
None0,1207.0,888.0,0.000599520383693
None0,1207.0,889.0,0.00399680255795
None0,1207.0,893.0,0.000399680255795
None0,1207.0,895.0,0.000799360511591
None0,1207.0,897.0,0.0125899280576
None0,1207.0,898.0,0.000399680255795
None0,1207.0,901.0,0.00159872102318
None0,1207.0,903.0,0.000399680255795
None0,1207.0,904.0,0.000199840127898
None0,1207.0,907.0,0.000599520383693
None0,1207.0,909.0,0.000599520383693
None0,1207.0,910.0,0.000999200639488
None0,1207.0,911.0,0.000799360511591
None0,1207.0,913.0,0.00699440447642
None0,1207.0,918.0,0.00159872102318
None0,1207.0,919.0,0.000799360511591
None0,1207.0,920.0,0.000199840127898
None0,1207.0,923.0,0.00239808153477
None0,1207.0,925.0,0.000399680255795
None0,1207.0,927.0,0.000199840127898
None0,1207.0,933.0,0.000999200639488
None0,1207.0,934.0,0.000399680255795
None0,1207.0,935.0,0.000199840127898
None0,1207.0,938.0,0.000199840127898
None0,1207.0,940.0,0.00239808153477
None0,1207.0,941.0,0.00199840127898
None0,1207.0,944.0,0.00119904076739
None0,1207.0,946.0,0.000199840127898
None0,1207.0,947.0,0.000199840127898
None0,1207.0,948.0,0.000799360511591
None0,1207.0,950.0,0.000199840127898
None0,1207.0,952.0,0.00299760191847
None0,1207.0,953.0,0.000399680255795
None0,1207.0,954.0,0.00159872102318
None0,1207.0,956.0,0.000599520383693
None0,1207.0,957.0,0.00179856115108
None0,1207.0,959.0,0.000399680255795
None0,1207.0,963.0,0.000199840127898
None0,1207.0,964.0,0.00379696243006
None0,1207.0,966.0,0.00219824140687
None0,1207.0,969.0,0.0115907274181
None0,1207.0,971.0,0.000199840127898
None0,1207.0,978.0,0.00139888089528
None0,1207.0,980.0,0.000199840127898
None0,1207.0,981.0,0.000199840127898
None0,1207.0,985.0,0.000199840127898
None0,1207.0,986.0,0.00199840127898
None0,1207.0,988.0,0.000199840127898
None0,1207.0,989.0,0.000599520383693
None0,1207.0,990.0,0.00179856115108
None0,1207.0,991.0,0.000199840127898
None0,1207.0,993.0,0.000599520383693
None0,1207.0,995.0,0.000799360511591
None0,1207.0,997.0,0.000199840127898
None0,1207.0,998.0,0.00319744204636
None0,1207.0,999.0,0.000199840127898
None0,1207.0,1001.0,0.000199840127898
None0,1207.0,1002.0,0.000199840127898
None0,1207.0,1003.0,0.00139888089528
None0,1207.0,1004.0,0.000399680255795
None0,1207.0,1005.0,0.000199840127898
None0,1207.0,1007.0,0.000199840127898
None0,1207.0,1008.0,0.000599520383693
None0,1207.0,1009.0,0.00119904076739
None0,1207.0,1010.0,0.000399680255795
None0,1207.0,1011.0,0.00299760191847
None0,1207.0,1012.0,0.000199840127898
None0,1207.0,1013.0,0.000199840127898
None0,1207.0,1014.0,0.000399680255795
None0,1207.0,1015.0,0.00659472422062
None0,1207.0,1016.0,0.000199840127898
None0,1207.0,1017.0,0.00319744204636
None0,1207.0,1018.0,0.000399680255795
None0,1207.0,1024.0,0.000199840127898
None0,1207.0,1025.0,0.00399680255795
None0,1207.0,1027.0,0.000199840127898
None0,1207.0,1029.0,0.00119904076739
None0,1207.0,1030.0,0.000399680255795
None0,1207.0,1032.0,0.000399680255795
None0,1207.0,1038.0,0.000199840127898
None0,1207.0,1041.0,0.000799360511591
None0,1207.0,1043.0,0.00199840127898
None0,1207.0,1046.0,0.00399680255795
None0,1207.0,1048.0,0.00159872102318
None0,1207.0,1049.0,0.000199840127898
None0,1207.0,1051.0,0.00119904076739
None0,1207.0,1052.0,0.000999200639488
None0,1207.0,1053.0,0.00299760191847
None0,1207.0,1056.0,0.000599520383693
None0,1207.0,1058.0,0.00119904076739
None0,1207.0,1059.0,0.00379696243006
None0,1207.0,1060.0,0.000199840127898
None0,1207.0,1061.0,0.000799360511591
None0,1207.0,1064.0,0.00139888089528
None0,1207.0,1066.0,0.000199840127898
None0,1207.0,1067.0,0.000399680255795
None0,1207.0,1068.0,0.00419664268585
None0,1207.0,1069.0,0.000199840127898
None0,1207.0,1070.0,0.000999200639488
None0,1207.0,1072.0,0.00259792166267
None0,1207.0,1074.0,0.00119904076739
None0,1207.0,1075.0,0.000199840127898
None0,1207.0,1079.0,0.000199840127898
None0,1207.0,1081.0,0.000199840127898
None0,1207.0,1083.0,0.000599520383693
None0,1207.0,1084.0,0.00219824140687
None0,1207.0,1085.0,0.000199840127898
None0,1207.0,1090.0,0.00259792166267
None0,1207.0,1092.0,0.000399680255795
None0,1207.0,1093.0,0.00199840127898
None0,1207.0,1094.0,0.000399680255795
None0,1207.0,1095.0,0.000399680255795
None0,1207.0,1096.0,0.000599520383693
None0,1207.0,1098.0,0.000999200639488
None0,1207.0,1099.0,0.000399680255795
None0,1207.0,1101.0,0.000199840127898
None0,1207.0,1102.0,0.000199840127898
None0,1207.0,1104.0,0.000399680255795
None0,1207.0,1105.0,0.000199840127898
None0,1207.0,1106.0,0.000199840127898
None0,1207.0,1108.0,0.000199840127898
None0,1207.0,1109.0,0.000399680255795
None0,1207.0,1113.0,0.000199840127898
None0,1207.0,1114.0,0.000199840127898
None0,1207.0,1117.0,0.000599520383693
None0,1207.0,1118.0,0.000199840127898
None0,1207.0,1127.0,0.00159872102318
None0,1207.0,1129.0,0.000399680255795
None0,1207.0,1130.0,0.00159872102318
None0,1207.0,1132.0,0.000199840127898
None0,1207.0,1137.0,0.000999200639488
None0,1207.0,1139.0,0.000399680255795
None0,1207.0,1140.0,0.000199840127898
None0,1207.0,1141.0,0.000199840127898
None0,1207.0,1144.0,0.00119904076739
None0,1207.0,1147.0,0.000199840127898
None0,1207.0,1150.0,0.00119904076739
None0,1207.0,1151.0,0.000399680255795
None0,1207.0,1154.0,0.000199840127898
None0,1207.0,1158.0,0.000599520383693
None0,1207.0,1159.0,0.000199840127898
None0,1207.0,1160.0,0.0219824140687
None0,1207.0,1161.0,0.000199840127898
None0,1207.0,1162.0,0.00299760191847
None0,1207.0,1164.0,0.000399680255795
None0,1207.0,1165.0,0.00239808153477
None0,1207.0,1168.0,0.00119904076739
None0,1207.0,1169.0,0.000199840127898
None0,1207.0,1172.0,0.000599520383693
None0,1207.0,1173.0,0.000799360511591
None0,1207.0,1177.0,0.00239808153477
None0,1207.0,1181.0,0.000799360511591
None0,1207.0,1182.0,0.000199840127898
None0,1207.0,1185.0,0.000999200639488
None0,1207.0,1194.0,0.000799360511591
None0,1207.0,1197.0,0.00119904076739
None0,1207.0,1198.0,0.000399680255795
None0,1207.0,1199.0,0.000799360511591
None0,1207.0,1200.0,0.000199840127898
None0,1207.0,1201.0,0.000999200639488
None0,1207.0,1202.0,0.000799360511591
None0,1207.0,1203.0,0.000199840127898
None0,1207.0,1205.0,0.000799360511591
None0,1207.0,1211.0,0.000999200639488
None0,1207.0,1213.0,0.000399680255795
None0,1207.0,1214.0,0.00139888089528
None0,1207.0,1215.0,0.000999200639488
None0,1207.0,1216.0,0.000999200639488
None0,1207.0,1217.0,0.000199840127898
None0,1207.0,1219.0,0.000199840127898
None0,1207.0,1223.0,0.000199840127898
None0,1207.0,1224.0,0.000199840127898
None0,1207.0,1225.0,0.00219824140687
None0,1207.0,1228.0,0.00159872102318
None0,1207.0,1229.0,0.000199840127898
None0,1207.0,1230.0,0.000399680255795
None0,1207.0,1231.0,0.000399680255795
None0,1207.0,1237.0,0.000399680255795
None0,1207.0,1239.0,0.000199840127898
None0,1207.0,1241.0,0.000199840127898
None0,1207.0,1242.0,0.000199840127898
None0,1207.0,1243.0,0.00119904076739
None0,1207.0,1245.0,0.000399680255795
None0,1207.0,1246.0,0.000399680255795
None0,1207.0,1247.0,0.00219824140687
None0,1207.0,1249.0,0.000199840127898
None0,1207.0,1251.0,0.00259792166267
None0,1207.0,1252.0,0.00359712230216
None0,1207.0,1257.0,0.000999200639488
None0,1207.0,1258.0,0.000399680255795
None0,1207.0,1265.0,0.000199840127898
None0,1207.0,1267.0,0.000999200639488
None0,1207.0,1270.0,0.000399680255795
None0,1207.0,1274.0,0.00479616306954
None0,1207.0,1275.0,0.000999200639488
None0,1207.0,1278.0,0.000199840127898
None0,1207.0,1279.0,0.000599520383693
None0,1207.0,1280.0,0.000599520383693
None0,1207.0,1282.0,0.000399680255795
None0,1207.0,1283.0,0.00239808153477
None0,1207.0,1285.0,0.000399680255795
None0,1207.0,1286.0,0.000199840127898
None0,1207.0,1289.0,0.000199840127898
None0,1207.0,1291.0,0.000399680255795
None0,1207.0,1292.0,0.000399680255795
None0,1207.0,1295.0,0.000399680255795
None0,1207.0,1296.0,0.000599520383693
None0,1207.0,1302.0,0.000599520383693
None0,1207.0,1304.0,0.000399680255795
None0,1207.0,1305.0,0.000199840127898
None0,1207.0,1309.0,0.0159872102318
None0,1207.0,1310.0,0.00119904076739
None0,1207.0,1314.0,0.000199840127898
None0,1207.0,1316.0,0.000199840127898
None0,1207.0,1318.0,0.000399680255795
None0,1207.0,1320.0,0.000199840127898
None0,1207.0,1321.0,0.00219824140687
None0,1207.0,1324.0,0.0087929656275
None0,1207.0,1328.0,0.000199840127898
None0,1207.0,1330.0,0.000599520383693
None0,1207.0,1333.0,0.000999200639488
None0,1207.0,1334.0,0.000199840127898
None0,1207.0,1341.0,0.00159872102318
None0,1207.0,1344.0,0.000999200639488
None0,1207.0,1349.0,0.00239808153477
None0,1207.0,1350.0,0.000199840127898
None0,1207.0,1351.0,0.000199840127898
None0,1207.0,1353.0,0.00499600319744
None0,1207.0,1357.0,0.00239808153477
None0,1207.0,1358.0,0.000799360511591
None0,1207.0,1360.0,0.000999200639488
None0,1207.0,1361.0,0.000199840127898
None0,1207.0,1364.0,0.000199840127898
None0,1207.0,1366.0,0.000799360511591
None0,1207.0,1367.0,0.00319744204636
None0,1207.0,1371.0,0.000399680255795
None0,1207.0,1372.0,0.000999200639488
None0,1207.0,1373.0,0.00779376498801
None0,1207.0,1374.0,0.000399680255795
None0,1207.0,1375.0,0.000599520383693
None0,1207.0,1378.0,0.000199840127898
None0,1207.0,1379.0,0.000599520383693
None0,1207.0,1381.0,0.00479616306954
None0,1207.0,1383.0,0.000599520383693
None0,1207.0,1384.0,0.00119904076739
None0,1207.0,1386.0,0.00359712230216
None0,1207.0,1387.0,0.000199840127898
None0,1207.0,1392.0,0.00679456434852
None0,1207.0,1396.0,0.000399680255795
None0,1207.0,1398.0,0.000199840127898
None0,1207.0,1401.0,0.00119904076739
None0,1207.0,1403.0,0.000199840127898
None0,1207.0,1404.0,0.000399680255795
None0,1207.0,1407.0,0.000199840127898
None0,1207.0,1408.0,0.000199840127898
None0,1207.0,1412.0,0.000199840127898
None0,1207.0,1413.0,0.000399680255795
None0,1207.0,1414.0,0.000399680255795
None0,1207.0,1416.0,0.0169864108713
None0,1207.0,1418.0,0.000399680255795
None0,1207.0,1419.0,0.000199840127898
None0,1207.0,1420.0,0.00219824140687
None0,1207.0,1423.0,0.00419664268585
None0,1207.0,1425.0,0.000799360511591
None0,1207.0,1429.0,0.000399680255795
None0,1207.0,1430.0,0.000399680255795
None0,1207.0,1434.0,0.00399680255795
None0,1207.0,1435.0,0.000999200639488
None0,1207.0,1436.0,0.00519584332534
None0,1207.0,1437.0,0.00119904076739
None0,1207.0,1442.0,0.000199840127898
None0,1207.0,1444.0,0.000199840127898
None0,1207.0,1447.0,0.000799360511591
None0,1207.0,1449.0,0.000199840127898
None0,1207.0,1454.0,0.000199840127898
None0,1207.0,1455.0,0.00239808153477
None0,1207.0,1456.0,0.000199840127898
None0,1207.0,1457.0,0.000199840127898
None0,1207.0,1459.0,0.000199840127898
None0,1207.0,1462.0,0.00599520383693
None0,1207.0,1470.0,0.000399680255795
None0,1207.0,1472.0,0.000799360511591
None0,1207.0,1475.0,0.00139888089528
None0,1207.0,1477.0,0.000399680255795
None0,1207.0,1478.0,0.000199840127898
None0,1207.0,1479.0,0.000199840127898
None0,1207.0,1482.0,0.000199840127898
None0,1207.0,1483.0,0.0147881694644
None0,1207.0,1489.0,0.000999200639488
None0,1207.0,1490.0,0.000199840127898
None0,1207.0,1491.0,0.00259792166267
None0,1207.0,1492.0,0.000799360511591
None0,1207.0,1496.0,0.000199840127898
None0,1207.0,1497.0,0.00379696243006
None0,1207.0,1498.0,0.000199840127898
None0,1207.0,1502.0,0.000399680255795
None0,1207.0,1503.0,0.00199840127898
None0,1207.0,1506.0,0.000199840127898
None0,1207.0,1511.0,0.000399680255795
None0,1207.0,1514.0,0.0103916866507
None0,1207.0,1519.0,0.00579536370903
None0,1207.0,1520.0,0.00359712230216
None0,1207.0,1522.0,0.000399680255795
None0,1207.0,1523.0,0.000999200639488
None0,1207.0,1538.0,0.000399680255795
None0,1207.0,1540.0,0.00199840127898
None0,1207.0,1542.0,0.000199840127898
None0,1207.0,1545.0,0.00159872102318
None0,1207.0,1551.0,0.000199840127898
None0,1207.0,1554.0,0.000599520383693
None0,1207.0,1557.0,0.000599520383693
None0,1207.0,1558.0,0.000399680255795
None0,1207.0,1559.0,0.00199840127898
None0,1207.0,1560.0,0.000799360511591
None0,1207.0,1561.0,0.000799360511591
None0,1207.0,1563.0,0.000599520383693
None0,1207.0,1565.0,0.000199840127898
None0,1207.0,1566.0,0.000199840127898
None0,1207.0,1568.0,0.000599520383693
None0,1207.0,1569.0,0.000199840127898
None0,1207.0,1570.0,0.0141886490807
None0,1207.0,1571.0,0.00159872102318
None0,1207.0,1572.0,0.000799360511591
None0,1207.0,1573.0,0.000399680255795
None0,1207.0,1574.0,0.000999200639488
None0,1207.0,1575.0,0.000799360511591
None0,1207.0,1576.0,0.000799360511591
None0,1207.0,1577.0,0.000399680255795
None0,1207.0,1580.0,0.00359712230216
None0,1207.0,1581.0,0.000199840127898
None0,1207.0,1584.0,0.00119904076739
None0,1207.0,1586.0,0.00499600319744
None0,1207.0,1589.0,0.000399680255795
None0,1207.0,1593.0,0.000399680255795
None0,1207.0,1595.0,0.0153876898481
None0,1207.0,1597.0,0.00299760191847
None0,1207.0,1599.0,0.000399680255795
None0,1207.0,1603.0,0.000199840127898
None0,1207.0,1605.0,0.00199840127898
None0,1207.0,1611.0,0.00119904076739
None0,1207.0,1612.0,0.000399680255795
None0,1207.0,1615.0,0.000599520383693
None0,1207.0,1616.0,0.000399680255795
None0,1207.0,1617.0,0.000199840127898
None0,1207.0,1621.0,0.000399680255795
None0,1207.0,1622.0,0.000399680255795
None0,1207.0,1623.0,0.00179856115108
None0,1207.0,1625.0,0.000799360511591
None0,1207.0,1626.0,0.000199840127898
None0,1207.0,1627.0,0.00399680255795
None0,1207.0,1628.0,0.00119904076739
None0,1207.0,1630.0,0.000199840127898
None0,1207.0,1631.0,0.000199840127898
None0,1207.0,1633.0,0.000999200639488
None0,1207.0,1634.0,0.00739408473221
None0,1207.0,1638.0,0.000399680255795
None0,1207.0,1639.0,0.000199840127898
None0,1207.0,1640.0,0.000799360511591
None0,1207.0,1644.0,0.000599520383693
None0,1207.0,1648.0,0.000399680255795
None0,1207.0,1650.0,0.000399680255795
None0,1207.0,1651.0,0.00119904076739
None0,1207.0,1652.0,0.000199840127898
None0,1207.0,1654.0,0.000199840127898
None0,1207.0,1656.0,0.000399680255795
None0,1207.0,1657.0,0.000199840127898
None0,1207.0,1660.0,0.000399680255795
None0,1207.0,1664.0,0.000199840127898
None0,1207.0,1676.0,0.00159872102318
None0,1207.0,1682.0,0.000599520383693
None0,1207.0,1684.0,0.000199840127898
None0,1207.0,1685.0,0.000199840127898
None0,1207.0,1691.0,0.00539568345324
None0,1207.0,1693.0,0.000199840127898
None0,1207.0,1698.0,0.00179856115108
None0,1207.0,1699.0,0.000199840127898
None0,1207.0,1702.0,0.0173860911271
None0,1207.0,1704.0,0.000399680255795
None0,1207.0,1705.0,0.000399680255795
None0,1207.0,1706.0,0.00159872102318
None0,1207.0,1708.0,0.00119904076739
None0,1207.0,1709.0,0.000199840127898
None0,1207.0,1710.0,0.00299760191847
None0,1207.0,1711.0,0.000799360511591
None0,1207.0,1712.0,0.00159872102318
None0,1207.0,1715.0,0.000599520383693
None0,1207.0,1716.0,0.00359712230216
None0,1207.0,1717.0,0.00119904076739
None0,1207.0,1718.0,0.000199840127898
None0,1207.0,1719.0,0.00199840127898
None0,1207.0,1720.0,0.000599520383693
None0,1207.0,1721.0,0.000199840127898
None0,1207.0,1723.0,0.000399680255795
None0,1207.0,1724.0,0.00479616306954
None0,1207.0,1727.0,0.000199840127898
None0,1207.0,1728.0,0.000199840127898
None0,1207.0,1731.0,0.000199840127898
None0,1207.0,1735.0,0.000999200639488
None0,1207.0,1737.0,0.00219824140687
None0,1207.0,1739.0,0.000399680255795
None0,1207.0,1740.0,0.000199840127898
None0,1207.0,1742.0,0.000599520383693
None0,1207.0,1744.0,0.000799360511591
None0,1207.0,1746.0,0.000599520383693
None0,1207.0,1749.0,0.0153876898481
None0,1207.0,1751.0,0.000399680255795
None0,1207.0,1752.0,0.000199840127898
None0,1207.0,1755.0,0.00259792166267
None0,1207.0,1756.0,0.00139888089528
None0,1207.0,1757.0,0.0083932853717
None0,1207.0,1759.0,0.000199840127898
None0,1207.0,1762.0,0.000999200639488
None0,1207.0,1763.0,0.000399680255795
None0,1207.0,1764.0,0.00299760191847
None0,1207.0,1765.0,0.000399680255795
None0,1207.0,1766.0,0.00399680255795
None0,1207.0,1769.0,0.00159872102318
None0,1207.0,1775.0,0.00559552358114
None0,1207.0,1776.0,0.00199840127898
None0,1207.0,1779.0,0.00299760191847
None0,1207.0,1783.0,0.00159872102318
None0,1207.0,1784.0,0.000399680255795
None0,1207.0,1786.0,0.00139888089528
None0,1207.0,1790.0,0.000599520383693
None0,1207.0,1791.0,0.000199840127898
None0,1207.0,1793.0,0.000999200639488
None0,1207.0,1796.0,0.000199840127898
None0,1207.0,1797.0,0.00339728217426
None0,1207.0,1799.0,0.000199840127898
None0,1207.0,1802.0,0.000599520383693
None0,1207.0,1805.0,0.000599520383693
None0,1207.0,1812.0,0.00119904076739
None0,1207.0,1814.0,0.000599520383693
None0,1207.0,1817.0,0.000399680255795
None0,1207.0,1818.0,0.00659472422062
None0,1207.0,1820.0,0.000199840127898
None0,1207.0,1821.0,0.000199840127898
None0,1207.0,1822.0,0.000399680255795
None0,1207.0,1823.0,0.000399680255795
None0,1207.0,1824.0,0.000599520383693
None0,1207.0,1825.0,0.000399680255795
None0,1207.0,1826.0,0.000199840127898
None0,1207.0,1827.0,0.000399680255795
None0,1207.0,1829.0,0.00579536370903
None0,1207.0,1830.0,0.000199840127898
None0,1207.0,1832.0,0.00379696243006
None0,1207.0,1833.0,0.000199840127898
None0,1207.0,1834.0,0.000799360511591
None0,1207.0,1835.0,0.000199840127898
None0,1207.0,1836.0,0.000399680255795
None0,1207.0,1837.0,0.000199840127898
None0,1207.0,1839.0,0.000199840127898
None0,1207.0,1842.0,0.000199840127898
None0,1207.0,1846.0,0.00339728217426
None0,1207.0,1847.0,0.000399680255795
None0,1207.0,1850.0,0.000399680255795
None0,1207.0,1851.0,0.000799360511591
None0,1207.0,1854.0,0.00319744204636
None0,1207.0,1855.0,0.000799360511591
None0,1207.0,1858.0,0.00619504396483
None0,1207.0,1860.0,0.000599520383693
None0,1207.0,1865.0,0.000199840127898
None0,1207.0,1868.0,0.000399680255795
None0,1207.0,1871.0,0.00519584332534
None0,1207.0,1873.0,0.000399680255795
None0,1207.0,1879.0,0.000399680255795
None0,1207.0,1880.0,0.000199840127898
None0,1207.0,1881.0,0.000399680255795
None0,1207.0,1884.0,0.00199840127898
None0,1207.0,1888.0,0.000199840127898
None0,1207.0,1890.0,0.00219824140687
None0,1207.0,1891.0,0.000199840127898
None0,1207.0,1894.0,0.00379696243006
None0,1207.0,1895.0,0.000199840127898
None0,1207.0,1897.0,0.000199840127898
None0,1207.0,1899.0,0.00499600319744
None0,1207.0,1901.0,0.00519584332534
None0,1207.0,1904.0,0.000599520383693
None0,1207.0,1905.0,0.000399680255795
None0,1207.0,1906.0,0.000199840127898
None0,1207.0,1908.0,0.000199840127898
None0,1207.0,1910.0,0.000199840127898
None0,1207.0,1911.0,0.000399680255795
None0,1207.0,1913.0,0.000399680255795
None0,1207.0,1914.0,0.000399680255795
None0,1207.0,1920.0,0.000199840127898
None0,1207.0,1922.0,0.000399680255795
None0,1207.0,1923.0,0.000399680255795
None0,1207.0,1924.0,0.000799360511591
None0,1207.0,1925.0,0.00139888089528
None0,1207.0,1926.0,0.0151878497202
None0,1207.0,1928.0,0.00139888089528
None0,1207.0,1933.0,0.000199840127898
None0,1207.0,1934.0,0.000999200639488
None0,1207.0,1935.0,0.000999200639488
None0,1207.0,1937.0,0.00199840127898
None0,1207.0,1939.0,0.000399680255795
None0,1207.0,1943.0,0.00259792166267
None0,1207.0,1944.0,0.00399680255795
None0,1207.0,1947.0,0.000999200639488
None0,1207.0,1952.0,0.000199840127898
None0,1207.0,1953.0,0.000199840127898
None0,1207.0,1955.0,0.000999200639488
None0,1207.0,1957.0,0.00159872102318
None0,1207.0,1959.0,0.00539568345324
None0,1207.0,1961.0,0.00139888089528
None0,1207.0,1964.0,0.00299760191847
None0,1207.0,1966.0,0.00199840127898
None0,1207.0,1971.0,0.000799360511591
None0,1207.0,1972.0,0.00139888089528
None0,1207.0,1973.0,0.00159872102318
None0,1207.0,1975.0,0.00159872102318
None0,1207.0,1977.0,0.00699440447642
None0,1207.0,1982.0,0.000199840127898
None0,1207.0,1983.0,0.00179856115108
None0,1207.0,1990.0,0.000799360511591
None0,1207.0,1995.0,0.000199840127898
None0,1207.0,1998.0,0.000199840127898
None0,1207.0,1999.0,0.00159872102318
None0,1208.0,0.0,0.000186026734699
None0,1208.0,1.0,0.000106300991257
None0,1208.0,2.0,0.00451779212841
None0,1208.0,3.0,0.00106300991257
None0,1208.0,4.0,0.0013021871429
None0,1208.0,5.0,0.000478354460655
None0,1208.0,6.0,0.000159451486885
None0,1208.0,7.0,0.00106300991257
None0,1208.0,8.0,7.97257434426e-05
None0,1208.0,10.0,0.000159451486885
None0,1208.0,12.0,0.00127561189508
None0,1208.0,13.0,0.00385341093306
None0,1208.0,15.0,0.000239177230328
None0,1208.0,16.0,0.000186026734699
None0,1208.0,17.0,0.000770682186611
None0,1208.0,21.0,0.00122246139945
None0,1208.0,24.0,0.000372053469399
None0,1208.0,25.0,7.97257434426e-05
None0,1208.0,26.0,0.000132876239071
None0,1208.0,27.0,0.00422546440246
None0,1208.0,28.0,0.00031890297377
None0,1208.0,29.0,0.00122246139945
None0,1208.0,30.0,0.000372053469399
None0,1208.0,31.0,0.00225889606421
None0,1208.0,32.0,2.65752478142e-05
None0,1208.0,33.0,0.000930133673497
None0,1208.0,34.0,0.000132876239071
None0,1208.0,35.0,0.00031890297377
None0,1208.0,36.0,0.000345478221584
None0,1208.0,37.0,0.00151478912541
None0,1208.0,38.0,0.00951393871748
None0,1208.0,39.0,0.000212601982513
None0,1208.0,40.0,5.31504956284e-05
None0,1208.0,41.0,0.000212601982513
None0,1208.0,42.0,7.97257434426e-05
None0,1208.0,43.0,5.31504956284e-05
None0,1208.0,44.0,5.31504956284e-05
None0,1208.0,45.0,0.000106300991257
None0,1208.0,46.0,7.97257434426e-05
None0,1208.0,47.0,2.65752478142e-05
None0,1208.0,48.0,5.31504956284e-05
None0,1208.0,49.0,0.000903558425682
None0,1208.0,50.0,0.000345478221584
None0,1208.0,51.0,0.000106300991257
None0,1208.0,52.0,0.000186026734699
None0,1208.0,53.0,7.97257434426e-05
None0,1208.0,54.0,0.000186026734699
None0,1208.0,55.0,5.31504956284e-05
None0,1208.0,56.0,0.000106300991257
None0,1208.0,57.0,0.000106300991257
None0,1208.0,58.0,5.31504956284e-05
None0,1208.0,59.0,5.31504956284e-05
None0,1208.0,60.0,0.000186026734699
None0,1208.0,61.0,0.000159451486885
None0,1208.0,62.0,2.65752478142e-05
None0,1208.0,63.0,0.000372053469399
None0,1208.0,64.0,0.000212601982513
None0,1208.0,66.0,2.65752478142e-05
None0,1208.0,67.0,0.000186026734699
None0,1208.0,68.0,0.000239177230328
None0,1208.0,69.0,0.00050492970847
None0,1208.0,70.0,0.000106300991257
None0,1208.0,71.0,0.000159451486885
None0,1208.0,72.0,0.000451779212841
None0,1208.0,73.0,2.65752478142e-05
None0,1208.0,74.0,2.65752478142e-05
None0,1208.0,75.0,0.000265752478142
None0,1208.0,76.0,0.000159451486885
None0,1208.0,77.0,0.00154136437322
None0,1208.0,79.0,0.000106300991257
None0,1208.0,81.0,7.97257434426e-05
None0,1208.0,82.0,0.000876983177868
None0,1208.0,83.0,0.000292327725956
None0,1208.0,84.0,0.000186026734699
None0,1208.0,85.0,0.000132876239071
None0,1208.0,86.0,2.65752478142e-05
None0,1208.0,88.0,0.00249807329453
None0,1208.0,89.0,0.000425203965027
None0,1208.0,91.0,0.000876983177868
None0,1208.0,92.0,2.65752478142e-05
None0,1208.0,93.0,7.97257434426e-05
None0,1208.0,94.0,0.000132876239071
None0,1208.0,95.0,2.65752478142e-05
None0,1208.0,96.0,2.65752478142e-05
None0,1208.0,102.0,2.65752478142e-05
None0,1208.0,105.0,2.65752478142e-05
None0,1208.0,106.0,0.000132876239071
None0,1208.0,111.0,2.65752478142e-05
None0,1208.0,113.0,5.31504956284e-05
None0,1208.0,128.0,0.000186026734699
None0,1208.0,132.0,2.65752478142e-05
None0,1208.0,133.0,2.65752478142e-05
None0,1208.0,140.0,2.65752478142e-05
None0,1208.0,147.0,7.97257434426e-05
None0,1208.0,148.0,2.65752478142e-05
None0,1208.0,153.0,5.31504956284e-05
None0,1208.0,155.0,5.31504956284e-05
None0,1208.0,159.0,7.97257434426e-05
None0,1208.0,160.0,7.97257434426e-05
None0,1208.0,163.0,0.000106300991257
None0,1208.0,164.0,0.000159451486885
None0,1208.0,167.0,2.65752478142e-05
None0,1208.0,168.0,0.000558080204098
None0,1208.0,169.0,0.000690956443169
None0,1208.0,171.0,0.00114273565601
None0,1208.0,172.0,2.65752478142e-05
None0,1208.0,174.0,7.97257434426e-05
None0,1208.0,175.0,0.000478354460655
None0,1208.0,176.0,0.000132876239071
None0,1208.0,177.0,0.000531504956284
None0,1208.0,178.0,0.00106300991257
None0,1208.0,179.0,0.000212601982513
None0,1208.0,180.0,0.00119588615164
None0,1208.0,182.0,7.97257434426e-05
None0,1208.0,183.0,5.31504956284e-05
None0,1208.0,184.0,2.65752478142e-05
None0,1208.0,185.0,0.000292327725956
None0,1208.0,186.0,0.000159451486885
None0,1208.0,187.0,0.000717531690983
None0,1208.0,189.0,0.00175396635574
None0,1208.0,190.0,0.000132876239071
None0,1208.0,191.0,0.00162109011667
None0,1208.0,192.0,5.31504956284e-05
None0,1208.0,193.0,7.97257434426e-05
None0,1208.0,194.0,0.000558080204098
None0,1208.0,195.0,0.000797257434426
None0,1208.0,197.0,2.65752478142e-05
None0,1208.0,198.0,0.00555422679316
None0,1208.0,199.0,0.000212601982513
None0,1208.0,200.0,5.31504956284e-05
None0,1208.0,201.0,0.000345478221584
None0,1208.0,202.0,5.31504956284e-05
None0,1208.0,203.0,2.65752478142e-05
None0,1208.0,204.0,2.65752478142e-05
None0,1208.0,210.0,7.97257434426e-05
None0,1208.0,226.0,5.31504956284e-05
None0,1208.0,227.0,0.00249807329453
None0,1208.0,228.0,0.00063780594754
None0,1208.0,229.0,0.00100985941694
None0,1208.0,230.0,0.000425203965027
None0,1208.0,231.0,5.31504956284e-05
None0,1208.0,232.0,7.97257434426e-05
None0,1208.0,233.0,0.000212601982513
None0,1208.0,234.0,0.000292327725956
None0,1208.0,235.0,0.000106300991257
None0,1208.0,237.0,0.000106300991257
None0,1208.0,238.0,0.000850407930054
None0,1208.0,239.0,0.000106300991257
None0,1208.0,240.0,2.65752478142e-05
None0,1208.0,241.0,0.00050492970847
None0,1208.0,242.0,0.000106300991257
None0,1208.0,243.0,0.000558080204098
None0,1208.0,244.0,7.97257434426e-05
None0,1208.0,245.0,0.000106300991257
None0,1208.0,246.0,0.000186026734699
None0,1208.0,247.0,0.00063780594754
None0,1208.0,248.0,0.00106300991257
None0,1208.0,249.0,0.000930133673497
None0,1208.0,250.0,0.000584655451912
None0,1208.0,251.0,0.00050492970847
None0,1208.0,252.0,0.00294985250737
None0,1208.0,253.0,0.000425203965027
None0,1208.0,254.0,0.000292327725956
None0,1208.0,255.0,0.00103643466475
None0,1208.0,256.0,0.000186026734699
None0,1208.0,257.0,0.00031890297377
None0,1208.0,258.0,0.000159451486885
None0,1208.0,259.0,5.31504956284e-05
None0,1208.0,260.0,7.97257434426e-05
None0,1208.0,261.0,0.00478354460655
None0,1208.0,265.0,0.000372053469399
None0,1208.0,266.0,0.00031890297377
None0,1208.0,267.0,0.000132876239071
None0,1208.0,268.0,0.000106300991257
None0,1208.0,269.0,7.97257434426e-05
None0,1208.0,270.0,0.00215259507295
None0,1208.0,271.0,0.000717531690983
None0,1208.0,272.0,5.31504956284e-05
None0,1208.0,275.0,0.000186026734699
None0,1208.0,276.0,0.00531504956284
None0,1208.0,278.0,5.31504956284e-05
None0,1208.0,279.0,0.000186026734699
None0,1208.0,282.0,7.97257434426e-05
None0,1208.0,285.0,7.97257434426e-05
None0,1208.0,286.0,0.00172739110792
None0,1208.0,287.0,0.000239177230328
None0,1208.0,288.0,0.00148821387759
None0,1208.0,291.0,0.000903558425682
None0,1208.0,297.0,5.31504956284e-05
None0,1208.0,298.0,5.31504956284e-05
None0,1208.0,299.0,2.65752478142e-05
None0,1208.0,301.0,0.00265752478142
None0,1208.0,302.0,0.000425203965027
None0,1208.0,304.0,0.00342820696803
None0,1208.0,305.0,0.000132876239071
None0,1208.0,306.0,2.65752478142e-05
None0,1208.0,309.0,0.00100985941694
None0,1208.0,310.0,0.00116931090382
None0,1208.0,311.0,2.65752478142e-05
None0,1208.0,313.0,0.000239177230328
None0,1208.0,314.0,7.97257434426e-05
None0,1208.0,315.0,0.000478354460655
None0,1208.0,316.0,2.65752478142e-05
None0,1208.0,317.0,0.000186026734699
None0,1208.0,319.0,0.00332190597677
None0,1208.0,322.0,2.65752478142e-05
None0,1208.0,323.0,7.97257434426e-05
None0,1208.0,325.0,2.65752478142e-05
None0,1208.0,328.0,5.31504956284e-05
None0,1208.0,329.0,7.97257434426e-05
None0,1208.0,331.0,5.31504956284e-05
None0,1208.0,332.0,5.31504956284e-05
None0,1208.0,333.0,0.000132876239071
None0,1208.0,336.0,2.65752478142e-05
None0,1208.0,338.0,0.000106300991257
None0,1208.0,340.0,2.65752478142e-05
None0,1208.0,344.0,0.000132876239071
None0,1208.0,346.0,5.31504956284e-05
None0,1208.0,347.0,2.65752478142e-05
None0,1208.0,351.0,5.31504956284e-05
None0,1208.0,353.0,0.000159451486885
None0,1208.0,354.0,2.65752478142e-05
None0,1208.0,356.0,2.65752478142e-05
None0,1208.0,358.0,0.000239177230328
None0,1208.0,359.0,2.65752478142e-05
None0,1208.0,362.0,2.65752478142e-05
None0,1208.0,364.0,0.00385341093306
None0,1208.0,365.0,0.000372053469399
None0,1208.0,367.0,2.65752478142e-05
None0,1208.0,369.0,0.000159451486885
None0,1208.0,370.0,0.00196656833825
None0,1208.0,371.0,0.00215259507295
None0,1208.0,372.0,5.31504956284e-05
None0,1208.0,373.0,2.65752478142e-05
None0,1208.0,377.0,0.000239177230328
None0,1208.0,378.0,0.00228547131202
None0,1208.0,379.0,0.000531504956284
None0,1208.0,380.0,0.000265752478142
None0,1208.0,381.0,0.000159451486885
None0,1208.0,382.0,0.00324218023333
None0,1208.0,383.0,0.0011161604082
None0,1208.0,387.0,0.00050492970847
None0,1208.0,388.0,0.00116931090382
None0,1208.0,389.0,7.97257434426e-05
None0,1208.0,390.0,7.97257434426e-05
None0,1208.0,391.0,0.000744106938797
None0,1208.0,393.0,5.31504956284e-05
None0,1208.0,394.0,0.000239177230328
None0,1208.0,395.0,2.65752478142e-05
None0,1208.0,396.0,2.65752478142e-05
None0,1208.0,398.0,0.00845092880491
None0,1208.0,399.0,5.31504956284e-05
None0,1208.0,400.0,5.31504956284e-05
None0,1208.0,401.0,0.000425203965027
None0,1208.0,402.0,0.000159451486885
None0,1208.0,403.0,5.31504956284e-05
None0,1208.0,405.0,0.000212601982513
None0,1208.0,406.0,2.65752478142e-05
None0,1208.0,408.0,7.97257434426e-05
None0,1208.0,409.0,0.00124903664727
None0,1208.0,410.0,0.000186026734699
None0,1208.0,411.0,0.00289670201175
None0,1208.0,412.0,0.000159451486885
None0,1208.0,413.0,0.000159451486885
None0,1208.0,415.0,7.97257434426e-05
None0,1208.0,416.0,0.0011161604082
None0,1208.0,417.0,0.000372053469399
None0,1208.0,419.0,0.00457094262404
None0,1208.0,420.0,0.00172739110792
None0,1208.0,423.0,0.000531504956284
None0,1208.0,424.0,0.000664381195355
None0,1208.0,425.0,0.00124903664727
None0,1208.0,426.0,5.31504956284e-05
None0,1208.0,427.0,5.31504956284e-05
None0,1208.0,428.0,5.31504956284e-05
None0,1208.0,429.0,0.000265752478142
None0,1208.0,431.0,2.65752478142e-05
None0,1208.0,432.0,0.00050492970847
None0,1208.0,437.0,5.31504956284e-05
None0,1208.0,439.0,0.00154136437322
None0,1208.0,440.0,2.65752478142e-05
None0,1208.0,441.0,0.000186026734699
None0,1208.0,442.0,0.000558080204098
None0,1208.0,443.0,2.65752478142e-05
None0,1208.0,445.0,0.000212601982513
None0,1208.0,446.0,0.000186026734699
None0,1208.0,447.0,0.00031890297377
None0,1208.0,448.0,0.000159451486885
None0,1208.0,450.0,0.000425203965027
None0,1208.0,452.0,0.000106300991257
None0,1208.0,453.0,2.65752478142e-05
None0,1208.0,454.0,0.000212601982513
None0,1208.0,457.0,0.0011161604082
None0,1208.0,458.0,0.000558080204098
None0,1208.0,459.0,2.65752478142e-05
None0,1208.0,460.0,0.000132876239071
None0,1208.0,461.0,0.000159451486885
None0,1208.0,462.0,0.00345478221584
None0,1208.0,463.0,2.65752478142e-05
None0,1208.0,464.0,5.31504956284e-05
None0,1208.0,465.0,0.000345478221584
None0,1208.0,466.0,0.00031890297377
None0,1208.0,467.0,0.000292327725956
None0,1208.0,468.0,0.000265752478142
None0,1208.0,469.0,0.000717531690983
None0,1208.0,470.0,7.97257434426e-05
None0,1208.0,471.0,5.31504956284e-05
None0,1208.0,472.0,0.00457094262404
None0,1208.0,473.0,0.00401286241994
None0,1208.0,474.0,0.000611230699726
None0,1208.0,476.0,0.000451779212841
None0,1208.0,478.0,0.0043051901459
None0,1208.0,479.0,5.31504956284e-05
None0,1208.0,480.0,0.000106300991257
None0,1208.0,481.0,0.000265752478142
None0,1208.0,483.0,0.000425203965027
None0,1208.0,484.0,0.00050492970847
None0,1208.0,487.0,2.65752478142e-05
None0,1208.0,488.0,0.000106300991257
None0,1208.0,489.0,0.000292327725956
None0,1208.0,490.0,0.00284355151612
None0,1208.0,492.0,2.65752478142e-05
None0,1208.0,494.0,0.000558080204098
None0,1208.0,495.0,0.000903558425682
None0,1208.0,496.0,0.000186026734699
None0,1208.0,499.0,7.97257434426e-05
None0,1208.0,500.0,2.65752478142e-05
None0,1208.0,501.0,0.000345478221584
None0,1208.0,502.0,2.65752478142e-05
None0,1208.0,504.0,0.000239177230328
None0,1208.0,505.0,0.00050492970847
None0,1208.0,506.0,0.00146163862978
None0,1208.0,509.0,0.000132876239071
None0,1208.0,510.0,0.000186026734699
None0,1208.0,511.0,0.000106300991257
None0,1208.0,512.0,5.31504956284e-05
None0,1208.0,513.0,5.31504956284e-05
None0,1208.0,515.0,0.000239177230328
None0,1208.0,516.0,0.000159451486885
None0,1208.0,519.0,0.000265752478142
None0,1208.0,520.0,0.000132876239071
None0,1208.0,523.0,0.000664381195355
None0,1208.0,524.0,5.31504956284e-05
None0,1208.0,526.0,0.000983284169125
None0,1208.0,528.0,0.0146163862978
None0,1208.0,529.0,2.65752478142e-05
None0,1208.0,530.0,0.000292327725956
None0,1208.0,531.0,0.000425203965027
None0,1208.0,532.0,2.65752478142e-05
None0,1208.0,533.0,0.00372053469399
None0,1208.0,535.0,0.000212601982513
None0,1208.0,539.0,0.000159451486885
None0,1208.0,543.0,2.65752478142e-05
None0,1208.0,545.0,0.00193999309044
None0,1208.0,546.0,0.000451779212841
None0,1208.0,551.0,0.000744106938797
None0,1208.0,552.0,0.000876983177868
None0,1208.0,553.0,0.000478354460655
None0,1208.0,554.0,0.000425203965027
None0,1208.0,555.0,7.97257434426e-05
None0,1208.0,557.0,0.00175396635574
None0,1208.0,559.0,2.65752478142e-05
None0,1208.0,561.0,0.00164766536448
None0,1208.0,564.0,0.000690956443169
None0,1208.0,565.0,2.65752478142e-05
None0,1208.0,566.0,0.000186026734699
None0,1208.0,567.0,0.000398628717213
None0,1208.0,568.0,2.65752478142e-05
None0,1208.0,569.0,0.000212601982513
None0,1208.0,570.0,2.65752478142e-05
None0,1208.0,572.0,0.000159451486885
None0,1208.0,574.0,5.31504956284e-05
None0,1208.0,576.0,0.000345478221584
None0,1208.0,577.0,0.000265752478142
None0,1208.0,578.0,5.31504956284e-05
None0,1208.0,580.0,0.000186026734699
None0,1208.0,581.0,0.000186026734699
None0,1208.0,582.0,0.000239177230328
None0,1208.0,583.0,0.000212601982513
None0,1208.0,584.0,0.000159451486885
None0,1208.0,585.0,2.65752478142e-05
None0,1208.0,587.0,0.00249807329453
None0,1208.0,589.0,7.97257434426e-05
None0,1208.0,590.0,2.65752478142e-05
None0,1208.0,593.0,2.65752478142e-05
None0,1208.0,594.0,7.97257434426e-05
None0,1208.0,596.0,7.97257434426e-05
None0,1208.0,598.0,5.31504956284e-05
None0,1208.0,599.0,2.65752478142e-05
None0,1208.0,601.0,0.000265752478142
None0,1208.0,602.0,7.97257434426e-05
None0,1208.0,604.0,0.000132876239071
None0,1208.0,606.0,0.000690956443169
None0,1208.0,607.0,7.97257434426e-05
None0,1208.0,608.0,5.31504956284e-05
None0,1208.0,611.0,0.000770682186611
None0,1208.0,612.0,0.000159451486885
None0,1208.0,613.0,0.00191341784262
None0,1208.0,614.0,0.0395971192431
None0,1208.0,615.0,2.65752478142e-05
None0,1208.0,616.0,0.000132876239071
None0,1208.0,617.0,0.000239177230328
None0,1208.0,619.0,7.97257434426e-05
None0,1208.0,620.0,0.000106300991257
None0,1208.0,621.0,0.000478354460655
None0,1208.0,622.0,0.000265752478142
None0,1208.0,623.0,0.000345478221584
None0,1208.0,625.0,5.31504956284e-05
None0,1208.0,627.0,5.31504956284e-05
None0,1208.0,628.0,2.65752478142e-05
None0,1208.0,629.0,7.97257434426e-05
None0,1208.0,630.0,0.000106300991257
None0,1208.0,631.0,2.65752478142e-05
None0,1208.0,632.0,7.97257434426e-05
None0,1208.0,633.0,5.31504956284e-05
None0,1208.0,634.0,0.000132876239071
None0,1208.0,635.0,0.000425203965027
None0,1208.0,636.0,2.65752478142e-05
None0,1208.0,637.0,0.00146163862978
None0,1208.0,638.0,0.000478354460655
None0,1208.0,639.0,0.000159451486885
None0,1208.0,640.0,0.00050492970847
None0,1208.0,641.0,5.31504956284e-05
None0,1208.0,644.0,7.97257434426e-05
None0,1208.0,645.0,0.000159451486885
None0,1208.0,646.0,2.65752478142e-05
None0,1208.0,647.0,2.65752478142e-05
None0,1208.0,648.0,5.31504956284e-05
None0,1208.0,649.0,2.65752478142e-05
None0,1208.0,651.0,2.65752478142e-05
None0,1208.0,652.0,5.31504956284e-05
None0,1208.0,654.0,7.97257434426e-05
None0,1208.0,655.0,0.000372053469399
None0,1208.0,657.0,0.000478354460655
None0,1208.0,658.0,0.000159451486885
None0,1208.0,660.0,0.000212601982513
None0,1208.0,661.0,0.000212601982513
None0,1208.0,662.0,2.65752478142e-05
None0,1208.0,663.0,0.000451779212841
None0,1208.0,665.0,0.000186026734699
None0,1208.0,666.0,0.000345478221584
None0,1208.0,667.0,0.000212601982513
None0,1208.0,669.0,0.00201971883388
None0,1208.0,670.0,0.000132876239071
None0,1208.0,671.0,7.97257434426e-05
None0,1208.0,672.0,2.65752478142e-05
None0,1208.0,673.0,0.00031890297377
None0,1208.0,674.0,5.31504956284e-05
None0,1208.0,675.0,0.000930133673497
None0,1208.0,676.0,0.00106300991257
None0,1208.0,677.0,5.31504956284e-05
None0,1208.0,680.0,0.000106300991257
None0,1208.0,681.0,0.000132876239071
None0,1208.0,683.0,0.000425203965027
None0,1208.0,685.0,2.65752478142e-05
None0,1208.0,686.0,2.65752478142e-05
None0,1208.0,689.0,2.65752478142e-05
None0,1208.0,690.0,7.97257434426e-05
None0,1208.0,691.0,0.00063780594754
None0,1208.0,694.0,5.31504956284e-05
None0,1208.0,695.0,7.97257434426e-05
None0,1208.0,696.0,0.000212601982513
None0,1208.0,697.0,2.65752478142e-05
None0,1208.0,698.0,0.000212601982513
None0,1208.0,699.0,0.000132876239071
None0,1208.0,700.0,0.000186026734699
None0,1208.0,702.0,0.00799914959207
None0,1208.0,703.0,5.31504956284e-05
None0,1208.0,704.0,0.00063780594754
None0,1208.0,705.0,7.97257434426e-05
None0,1208.0,706.0,0.000106300991257
None0,1208.0,707.0,5.31504956284e-05
None0,1208.0,708.0,0.000425203965027
None0,1208.0,710.0,0.000345478221584
None0,1208.0,711.0,0.000239177230328
None0,1208.0,712.0,7.97257434426e-05
None0,1208.0,713.0,0.000132876239071
None0,1208.0,714.0,2.65752478142e-05
None0,1208.0,715.0,7.97257434426e-05
None0,1208.0,716.0,2.65752478142e-05
None0,1208.0,717.0,0.00135533763852
None0,1208.0,718.0,0.000106300991257
None0,1208.0,719.0,2.65752478142e-05
None0,1208.0,720.0,2.65752478142e-05
None0,1208.0,721.0,0.000132876239071
None0,1208.0,723.0,0.000186026734699
None0,1208.0,724.0,7.97257434426e-05
None0,1208.0,725.0,2.65752478142e-05
None0,1208.0,728.0,0.000186026734699
None0,1208.0,729.0,7.97257434426e-05
None0,1208.0,730.0,2.65752478142e-05
None0,1208.0,731.0,2.65752478142e-05
None0,1208.0,733.0,0.000159451486885
None0,1208.0,734.0,0.000930133673497
None0,1208.0,735.0,2.65752478142e-05
None0,1208.0,736.0,0.000106300991257
None0,1208.0,737.0,2.65752478142e-05
None0,1208.0,739.0,0.000531504956284
None0,1208.0,740.0,0.000132876239071
None0,1208.0,741.0,0.000265752478142
None0,1208.0,742.0,0.000265752478142
None0,1208.0,743.0,0.000478354460655
None0,1208.0,744.0,0.000478354460655
None0,1208.0,745.0,0.000212601982513
None0,1208.0,747.0,0.000983284169125
None0,1208.0,748.0,0.000212601982513
None0,1208.0,749.0,5.31504956284e-05
None0,1208.0,750.0,2.65752478142e-05
None0,1208.0,751.0,0.00116931090382
None0,1208.0,752.0,2.65752478142e-05
None0,1208.0,753.0,0.000106300991257
None0,1208.0,754.0,5.31504956284e-05
None0,1208.0,755.0,2.65752478142e-05
None0,1208.0,756.0,0.000106300991257
None0,1208.0,757.0,5.31504956284e-05
None0,1208.0,759.0,7.97257434426e-05
None0,1208.0,760.0,0.000132876239071
None0,1208.0,761.0,0.000478354460655
None0,1208.0,762.0,0.000132876239071
None0,1208.0,763.0,5.31504956284e-05
None0,1208.0,764.0,2.65752478142e-05
None0,1208.0,765.0,0.000186026734699
None0,1208.0,766.0,0.000265752478142
None0,1208.0,767.0,0.000611230699726
None0,1208.0,768.0,0.00140848813415
None0,1208.0,769.0,2.65752478142e-05
None0,1208.0,770.0,2.65752478142e-05
None0,1208.0,771.0,2.65752478142e-05
None0,1208.0,772.0,0.000717531690983
None0,1208.0,773.0,0.00050492970847
None0,1208.0,774.0,0.000956708921311
None0,1208.0,775.0,0.000132876239071
None0,1208.0,777.0,5.31504956284e-05
None0,1208.0,779.0,5.31504956284e-05
None0,1208.0,780.0,0.000106300991257
None0,1208.0,781.0,7.97257434426e-05
None0,1208.0,782.0,2.65752478142e-05
None0,1208.0,783.0,5.31504956284e-05
None0,1208.0,784.0,0.000398628717213
None0,1208.0,785.0,0.00050492970847
None0,1208.0,787.0,0.000106300991257
None0,1208.0,788.0,0.000186026734699
None0,1208.0,791.0,2.65752478142e-05
None0,1208.0,792.0,7.97257434426e-05
None0,1208.0,793.0,2.65752478142e-05
None0,1208.0,794.0,0.000106300991257
None0,1208.0,795.0,0.000106300991257
None0,1208.0,798.0,0.000265752478142
None0,1208.0,799.0,0.000186026734699
None0,1208.0,800.0,0.000239177230328
None0,1208.0,801.0,0.000132876239071
None0,1208.0,802.0,5.31504956284e-05
None0,1208.0,803.0,0.000106300991257
None0,1208.0,804.0,0.000239177230328
None0,1208.0,805.0,5.31504956284e-05
None0,1208.0,806.0,7.97257434426e-05
None0,1208.0,807.0,0.000265752478142
None0,1208.0,808.0,7.97257434426e-05
None0,1208.0,810.0,0.000478354460655
None0,1208.0,812.0,7.97257434426e-05
None0,1208.0,814.0,0.000106300991257
None0,1208.0,815.0,2.65752478142e-05
None0,1208.0,816.0,0.0013021871429
None0,1208.0,817.0,0.000744106938797
None0,1208.0,818.0,7.97257434426e-05
None0,1208.0,819.0,2.65752478142e-05
None0,1208.0,820.0,2.65752478142e-05
None0,1208.0,822.0,0.000106300991257
None0,1208.0,823.0,0.000186026734699
None0,1208.0,824.0,2.65752478142e-05
None0,1208.0,825.0,0.000425203965027
None0,1208.0,826.0,0.000106300991257
None0,1208.0,827.0,0.000186026734699
None0,1208.0,830.0,0.000186026734699
None0,1208.0,833.0,2.65752478142e-05
None0,1208.0,834.0,5.31504956284e-05
None0,1208.0,835.0,0.000159451486885
None0,1208.0,836.0,0.000106300991257
None0,1208.0,837.0,2.65752478142e-05
None0,1208.0,839.0,0.000451779212841
None0,1208.0,840.0,2.65752478142e-05
None0,1208.0,841.0,2.65752478142e-05
None0,1208.0,843.0,0.000132876239071
None0,1208.0,844.0,2.65752478142e-05
None0,1208.0,845.0,0.000398628717213
None0,1208.0,847.0,0.00063780594754
None0,1208.0,848.0,0.000850407930054
None0,1208.0,850.0,0.000159451486885
None0,1208.0,851.0,2.65752478142e-05
None0,1208.0,852.0,5.31504956284e-05
None0,1208.0,853.0,7.97257434426e-05
None0,1208.0,854.0,0.00031890297377
None0,1208.0,855.0,5.31504956284e-05
None0,1208.0,857.0,0.000372053469399
None0,1208.0,858.0,5.31504956284e-05
None0,1208.0,859.0,0.000106300991257
None0,1208.0,860.0,7.97257434426e-05
None0,1208.0,861.0,0.000425203965027
None0,1208.0,862.0,0.000983284169125
None0,1208.0,863.0,0.000292327725956
None0,1208.0,864.0,2.65752478142e-05
None0,1208.0,865.0,0.00119588615164
None0,1208.0,867.0,0.000106300991257
None0,1208.0,868.0,0.000690956443169
None0,1208.0,870.0,2.65752478142e-05
None0,1208.0,872.0,0.000186026734699
None0,1208.0,873.0,2.65752478142e-05
None0,1208.0,874.0,0.00031890297377
None0,1208.0,876.0,7.97257434426e-05
None0,1208.0,877.0,5.31504956284e-05
None0,1208.0,879.0,2.65752478142e-05
None0,1208.0,882.0,0.000106300991257
None0,1208.0,883.0,0.000770682186611
None0,1208.0,884.0,7.97257434426e-05
None0,1208.0,885.0,0.00135533763852
None0,1208.0,886.0,0.000372053469399
None0,1208.0,887.0,0.000292327725956
None0,1208.0,888.0,0.000265752478142
None0,1208.0,890.0,0.000186026734699
None0,1208.0,891.0,2.65752478142e-05
None0,1208.0,892.0,2.65752478142e-05
None0,1208.0,893.0,7.97257434426e-05
None0,1208.0,894.0,2.65752478142e-05
None0,1208.0,896.0,0.000292327725956
None0,1208.0,897.0,0.000345478221584
None0,1208.0,898.0,0.000531504956284
None0,1208.0,900.0,0.000186026734699
None0,1208.0,902.0,5.31504956284e-05
None0,1208.0,905.0,2.65752478142e-05
None0,1208.0,907.0,5.31504956284e-05
None0,1208.0,908.0,0.000664381195355
None0,1208.0,909.0,0.000132876239071
None0,1208.0,910.0,5.31504956284e-05
None0,1208.0,911.0,2.65752478142e-05
None0,1208.0,913.0,7.97257434426e-05
None0,1208.0,915.0,0.000265752478142
None0,1208.0,916.0,0.000345478221584
None0,1208.0,918.0,7.97257434426e-05
None0,1208.0,919.0,0.000159451486885
None0,1208.0,920.0,7.97257434426e-05
None0,1208.0,922.0,0.000451779212841
None0,1208.0,923.0,5.31504956284e-05
None0,1208.0,924.0,0.000292327725956
None0,1208.0,926.0,0.000106300991257
None0,1208.0,927.0,5.31504956284e-05
None0,1208.0,928.0,2.65752478142e-05
None0,1208.0,929.0,0.00100985941694
None0,1208.0,930.0,2.65752478142e-05
None0,1208.0,932.0,5.31504956284e-05
None0,1208.0,933.0,5.31504956284e-05
None0,1208.0,935.0,0.000159451486885
None0,1208.0,936.0,7.97257434426e-05
None0,1208.0,937.0,0.000186026734699
None0,1208.0,940.0,0.000425203965027
None0,1208.0,941.0,2.65752478142e-05
None0,1208.0,943.0,7.97257434426e-05
None0,1208.0,944.0,5.31504956284e-05
None0,1208.0,946.0,0.000106300991257
None0,1208.0,947.0,2.65752478142e-05
None0,1208.0,948.0,0.000478354460655
None0,1208.0,949.0,2.65752478142e-05
None0,1208.0,950.0,2.65752478142e-05
None0,1208.0,952.0,0.000106300991257
None0,1208.0,953.0,5.31504956284e-05
None0,1208.0,954.0,0.00241834755109
None0,1208.0,955.0,2.65752478142e-05
None0,1208.0,957.0,2.65752478142e-05
None0,1208.0,958.0,0.000903558425682
None0,1208.0,959.0,2.65752478142e-05
None0,1208.0,960.0,0.000531504956284
None0,1208.0,961.0,5.31504956284e-05
None0,1208.0,962.0,5.31504956284e-05
None0,1208.0,963.0,0.000212601982513
None0,1208.0,964.0,0.00132876239071
None0,1208.0,965.0,7.97257434426e-05
None0,1208.0,966.0,2.65752478142e-05
None0,1208.0,968.0,2.65752478142e-05
None0,1208.0,970.0,0.000398628717213
None0,1208.0,971.0,0.000106300991257
None0,1208.0,972.0,0.000876983177868
None0,1208.0,975.0,2.65752478142e-05
None0,1208.0,976.0,0.000372053469399
None0,1208.0,977.0,0.000106300991257
None0,1208.0,978.0,0.000770682186611
None0,1208.0,979.0,0.000345478221584
None0,1208.0,980.0,0.000584655451912
None0,1208.0,981.0,5.31504956284e-05
None0,1208.0,982.0,2.65752478142e-05
None0,1208.0,983.0,0.000744106938797
None0,1208.0,984.0,0.00050492970847
None0,1208.0,986.0,7.97257434426e-05
None0,1208.0,987.0,5.31504956284e-05
None0,1208.0,989.0,0.00201971883388
None0,1208.0,990.0,0.00154136437322
None0,1208.0,991.0,2.65752478142e-05
None0,1208.0,992.0,2.65752478142e-05
None0,1208.0,993.0,0.000292327725956
None0,1208.0,994.0,0.000372053469399
None0,1208.0,995.0,0.000478354460655
None0,1208.0,996.0,5.31504956284e-05
None0,1208.0,998.0,7.97257434426e-05
None0,1208.0,999.0,2.65752478142e-05
None0,1208.0,1000.0,0.000106300991257
None0,1208.0,1001.0,0.00199314358606
None0,1208.0,1002.0,5.31504956284e-05
None0,1208.0,1003.0,0.00151478912541
None0,1208.0,1004.0,5.31504956284e-05
None0,1208.0,1005.0,5.31504956284e-05
None0,1208.0,1006.0,2.65752478142e-05
None0,1208.0,1007.0,0.000425203965027
None0,1208.0,1008.0,2.65752478142e-05
None0,1208.0,1009.0,0.000345478221584
None0,1208.0,1010.0,0.000106300991257
None0,1208.0,1011.0,5.31504956284e-05
None0,1208.0,1012.0,0.000186026734699
None0,1208.0,1013.0,5.31504956284e-05
None0,1208.0,1014.0,7.97257434426e-05
None0,1208.0,1015.0,0.00409258816338
None0,1208.0,1016.0,2.65752478142e-05
None0,1208.0,1018.0,5.31504956284e-05
None0,1208.0,1020.0,0.000398628717213
None0,1208.0,1021.0,0.000159451486885
None0,1208.0,1024.0,2.65752478142e-05
None0,1208.0,1025.0,0.000159451486885
None0,1208.0,1026.0,0.00196656833825
None0,1208.0,1027.0,0.000372053469399
None0,1208.0,1029.0,2.65752478142e-05
None0,1208.0,1030.0,0.000212601982513
None0,1208.0,1031.0,0.000132876239071
None0,1208.0,1032.0,0.000159451486885
None0,1208.0,1033.0,2.65752478142e-05
None0,1208.0,1034.0,0.000106300991257
None0,1208.0,1035.0,5.31504956284e-05
None0,1208.0,1039.0,7.97257434426e-05
None0,1208.0,1041.0,5.31504956284e-05
None0,1208.0,1042.0,0.000159451486885
None0,1208.0,1043.0,0.00199314358606
None0,1208.0,1044.0,0.000212601982513
None0,1208.0,1045.0,2.65752478142e-05
None0,1208.0,1046.0,2.65752478142e-05
None0,1208.0,1047.0,0.000983284169125
None0,1208.0,1049.0,2.65752478142e-05
None0,1208.0,1050.0,0.000398628717213
None0,1208.0,1051.0,5.31504956284e-05
None0,1208.0,1052.0,0.00167424061229
None0,1208.0,1053.0,0.000478354460655
None0,1208.0,1054.0,0.00350793271147
None0,1208.0,1058.0,2.65752478142e-05
None0,1208.0,1059.0,0.000186026734699
None0,1208.0,1060.0,0.000345478221584
None0,1208.0,1062.0,2.65752478142e-05
None0,1208.0,1064.0,2.65752478142e-05
None0,1208.0,1065.0,0.00135533763852
None0,1208.0,1068.0,0.000239177230328
None0,1208.0,1071.0,0.000132876239071
None0,1208.0,1072.0,0.000186026734699
None0,1208.0,1073.0,0.000106300991257
None0,1208.0,1074.0,5.31504956284e-05
None0,1208.0,1077.0,0.000265752478142
None0,1208.0,1078.0,0.000903558425682
None0,1208.0,1079.0,5.31504956284e-05
None0,1208.0,1080.0,2.65752478142e-05
None0,1208.0,1081.0,0.000132876239071
None0,1208.0,1082.0,2.65752478142e-05
None0,1208.0,1083.0,7.97257434426e-05
None0,1208.0,1084.0,0.00116931090382
None0,1208.0,1085.0,2.65752478142e-05
None0,1208.0,1086.0,5.31504956284e-05
None0,1208.0,1087.0,0.000265752478142
None0,1208.0,1088.0,0.000132876239071
None0,1208.0,1089.0,7.97257434426e-05
None0,1208.0,1090.0,0.000611230699726
None0,1208.0,1092.0,0.000132876239071
None0,1208.0,1093.0,0.000159451486885
None0,1208.0,1094.0,0.000265752478142
None0,1208.0,1096.0,7.97257434426e-05
None0,1208.0,1097.0,5.31504956284e-05
None0,1208.0,1098.0,0.000372053469399
None0,1208.0,1099.0,2.65752478142e-05
None0,1208.0,1100.0,0.000265752478142
None0,1208.0,1104.0,0.000425203965027
None0,1208.0,1106.0,7.97257434426e-05
None0,1208.0,1110.0,0.000265752478142
None0,1208.0,1111.0,2.65752478142e-05
None0,1208.0,1113.0,2.65752478142e-05
None0,1208.0,1114.0,0.128677349916
None0,1208.0,1116.0,0.000930133673497
None0,1208.0,1117.0,0.000239177230328
None0,1208.0,1118.0,5.31504956284e-05
None0,1208.0,1119.0,0.000212601982513
None0,1208.0,1120.0,0.000132876239071
None0,1208.0,1121.0,0.000425203965027
None0,1208.0,1123.0,2.65752478142e-05
None0,1208.0,1124.0,0.00082383268224
None0,1208.0,1125.0,2.65752478142e-05
None0,1208.0,1128.0,2.65752478142e-05
None0,1208.0,1129.0,2.65752478142e-05
None0,1208.0,1130.0,5.31504956284e-05
None0,1208.0,1132.0,0.00103643466475
None0,1208.0,1135.0,0.000930133673497
None0,1208.0,1136.0,5.31504956284e-05
None0,1208.0,1137.0,0.00204629408169
None0,1208.0,1138.0,5.31504956284e-05
None0,1208.0,1139.0,2.65752478142e-05
None0,1208.0,1140.0,0.00031890297377
None0,1208.0,1141.0,2.65752478142e-05
None0,1208.0,1142.0,0.000212601982513
None0,1208.0,1143.0,0.000558080204098
None0,1208.0,1144.0,0.00135533763852
None0,1208.0,1149.0,5.31504956284e-05
None0,1208.0,1152.0,7.97257434426e-05
None0,1208.0,1156.0,7.97257434426e-05
None0,1208.0,1157.0,7.97257434426e-05
None0,1208.0,1158.0,0.000345478221584
None0,1208.0,1160.0,0.00050492970847
None0,1208.0,1162.0,0.000664381195355
None0,1208.0,1163.0,0.000558080204098
None0,1208.0,1164.0,0.000292327725956
None0,1208.0,1165.0,5.31504956284e-05
None0,1208.0,1166.0,2.65752478142e-05
None0,1208.0,1167.0,2.65752478142e-05
None0,1208.0,1169.0,2.65752478142e-05
None0,1208.0,1170.0,0.000186026734699
None0,1208.0,1171.0,2.65752478142e-05
None0,1208.0,1172.0,0.00122246139945
None0,1208.0,1176.0,2.65752478142e-05
None0,1208.0,1177.0,0.0037471099418
None0,1208.0,1178.0,7.97257434426e-05
None0,1208.0,1179.0,2.65752478142e-05
None0,1208.0,1180.0,2.65752478142e-05
None0,1208.0,1181.0,0.000292327725956
None0,1208.0,1182.0,0.000186026734699
None0,1208.0,1183.0,5.31504956284e-05
None0,1208.0,1185.0,2.65752478142e-05
None0,1208.0,1186.0,0.00063780594754
None0,1208.0,1187.0,0.000159451486885
None0,1208.0,1188.0,7.97257434426e-05
None0,1208.0,1189.0,7.97257434426e-05
None0,1208.0,1191.0,2.65752478142e-05
None0,1208.0,1192.0,0.000186026734699
None0,1208.0,1193.0,0.00100985941694
None0,1208.0,1195.0,2.65752478142e-05
None0,1208.0,1196.0,0.000903558425682
None0,1208.0,1198.0,0.00100985941694
None0,1208.0,1200.0,0.000212601982513
None0,1208.0,1204.0,0.000132876239071
None0,1208.0,1205.0,0.000212601982513
None0,1208.0,1206.0,0.000132876239071
None0,1208.0,1209.0,0.000265752478142
None0,1208.0,1210.0,0.000690956443169
None0,1208.0,1212.0,2.65752478142e-05
None0,1208.0,1213.0,0.000106300991257
None0,1208.0,1214.0,0.000106300991257
None0,1208.0,1215.0,2.65752478142e-05
None0,1208.0,1216.0,0.000159451486885
None0,1208.0,1218.0,2.65752478142e-05
None0,1208.0,1219.0,0.000132876239071
None0,1208.0,1220.0,7.97257434426e-05
None0,1208.0,1221.0,2.65752478142e-05
None0,1208.0,1223.0,2.65752478142e-05
None0,1208.0,1224.0,2.65752478142e-05
None0,1208.0,1226.0,0.00050492970847
None0,1208.0,1228.0,0.00031890297377
None0,1208.0,1229.0,2.65752478142e-05
None0,1208.0,1231.0,0.000132876239071
None0,1208.0,1233.0,0.000584655451912
None0,1208.0,1234.0,2.65752478142e-05
None0,1208.0,1235.0,0.000425203965027
None0,1208.0,1237.0,0.00108958516038
None0,1208.0,1238.0,0.000212601982513
None0,1208.0,1239.0,0.000478354460655
None0,1208.0,1241.0,0.000690956443169
None0,1208.0,1242.0,0.00114273565601
None0,1208.0,1243.0,0.000132876239071
None0,1208.0,1244.0,0.000451779212841
None0,1208.0,1245.0,2.65752478142e-05
None0,1208.0,1246.0,0.000159451486885
None0,1208.0,1247.0,0.000664381195355
None0,1208.0,1248.0,0.000292327725956
None0,1208.0,1249.0,5.31504956284e-05
None0,1208.0,1250.0,0.000239177230328
None0,1208.0,1251.0,2.65752478142e-05
None0,1208.0,1252.0,0.000850407930054
None0,1208.0,1253.0,5.31504956284e-05
None0,1208.0,1256.0,2.65752478142e-05
None0,1208.0,1257.0,7.97257434426e-05
None0,1208.0,1258.0,0.000239177230328
None0,1208.0,1259.0,0.000212601982513
None0,1208.0,1260.0,5.31504956284e-05
None0,1208.0,1262.0,5.31504956284e-05
None0,1208.0,1263.0,2.65752478142e-05
None0,1208.0,1264.0,2.65752478142e-05
None0,1208.0,1265.0,0.000106300991257
None0,1208.0,1266.0,0.00031890297377
None0,1208.0,1267.0,2.65752478142e-05
None0,1208.0,1270.0,0.00494299609344
None0,1208.0,1271.0,0.000292327725956
None0,1208.0,1272.0,0.000186026734699
None0,1208.0,1273.0,0.000106300991257
None0,1208.0,1274.0,0.0026309495336
None0,1208.0,1275.0,2.65752478142e-05
None0,1208.0,1276.0,0.000106300991257
None0,1208.0,1277.0,7.97257434426e-05
None0,1208.0,1278.0,0.000212601982513
None0,1208.0,1279.0,0.000690956443169
None0,1208.0,1280.0,0.000292327725956
None0,1208.0,1283.0,2.65752478142e-05
None0,1208.0,1284.0,0.000186026734699
None0,1208.0,1286.0,0.000186026734699
None0,1208.0,1287.0,0.000398628717213
None0,1208.0,1290.0,0.000159451486885
None0,1208.0,1292.0,2.65752478142e-05
None0,1208.0,1293.0,0.000372053469399
None0,1208.0,1294.0,0.00050492970847
None0,1208.0,1295.0,5.31504956284e-05
None0,1208.0,1296.0,7.97257434426e-05
None0,1208.0,1299.0,0.00106300991257
None0,1208.0,1301.0,0.000717531690983
None0,1208.0,1302.0,0.000186026734699
None0,1208.0,1305.0,2.65752478142e-05
None0,1208.0,1306.0,5.31504956284e-05
None0,1208.0,1308.0,0.000292327725956
None0,1208.0,1309.0,2.65752478142e-05
None0,1208.0,1312.0,5.31504956284e-05
None0,1208.0,1313.0,7.97257434426e-05
None0,1208.0,1315.0,2.65752478142e-05
None0,1208.0,1316.0,0.00124903664727
None0,1208.0,1318.0,0.000132876239071
None0,1208.0,1320.0,7.97257434426e-05
None0,1208.0,1322.0,0.000159451486885
None0,1208.0,1323.0,0.00063780594754
None0,1208.0,1324.0,5.31504956284e-05
None0,1208.0,1325.0,2.65752478142e-05
None0,1208.0,1327.0,7.97257434426e-05
None0,1208.0,1328.0,2.65752478142e-05
None0,1208.0,1329.0,0.00031890297377
None0,1208.0,1330.0,7.97257434426e-05
None0,1208.0,1331.0,0.000106300991257
None0,1208.0,1332.0,0.000744106938797
None0,1208.0,1333.0,2.65752478142e-05
None0,1208.0,1335.0,0.000239177230328
None0,1208.0,1336.0,0.000212601982513
None0,1208.0,1337.0,0.000159451486885
None0,1208.0,1338.0,0.000956708921311
None0,1208.0,1340.0,0.000239177230328
None0,1208.0,1341.0,0.000717531690983
None0,1208.0,1342.0,0.000850407930054
None0,1208.0,1345.0,2.65752478142e-05
None0,1208.0,1346.0,7.97257434426e-05
None0,1208.0,1347.0,2.65752478142e-05
None0,1208.0,1348.0,0.000292327725956
None0,1208.0,1349.0,5.31504956284e-05
None0,1208.0,1350.0,0.000159451486885
None0,1208.0,1351.0,0.000132876239071
None0,1208.0,1352.0,7.97257434426e-05
None0,1208.0,1353.0,0.000186026734699
None0,1208.0,1354.0,0.000186026734699
None0,1208.0,1356.0,0.000239177230328
None0,1208.0,1357.0,0.000186026734699
None0,1208.0,1358.0,7.97257434426e-05
None0,1208.0,1359.0,0.000159451486885
None0,1208.0,1360.0,2.65752478142e-05
None0,1208.0,1361.0,0.000690956443169
None0,1208.0,1362.0,2.65752478142e-05
None0,1208.0,1363.0,7.97257434426e-05
None0,1208.0,1364.0,2.65752478142e-05
None0,1208.0,1367.0,0.000106300991257
None0,1208.0,1368.0,0.000106300991257
None0,1208.0,1369.0,0.000186026734699
None0,1208.0,1371.0,2.65752478142e-05
None0,1208.0,1372.0,5.31504956284e-05
None0,1208.0,1373.0,0.000956708921311
None0,1208.0,1374.0,0.000106300991257
None0,1208.0,1375.0,2.65752478142e-05
None0,1208.0,1377.0,0.000372053469399
None0,1208.0,1379.0,0.000186026734699
None0,1208.0,1380.0,0.000239177230328
None0,1208.0,1381.0,5.31504956284e-05
None0,1208.0,1382.0,2.65752478142e-05
None0,1208.0,1383.0,0.000372053469399
None0,1208.0,1384.0,0.000292327725956
None0,1208.0,1385.0,0.000239177230328
None0,1208.0,1386.0,0.000159451486885
None0,1208.0,1387.0,0.00164766536448
None0,1208.0,1389.0,2.65752478142e-05
None0,1208.0,1392.0,0.000611230699726
None0,1208.0,1395.0,0.000690956443169
None0,1208.0,1396.0,0.000132876239071
None0,1208.0,1397.0,0.000186026734699
None0,1208.0,1400.0,0.000690956443169
None0,1208.0,1401.0,5.31504956284e-05
None0,1208.0,1402.0,0.000132876239071
None0,1208.0,1403.0,2.65752478142e-05
None0,1208.0,1404.0,2.65752478142e-05
None0,1208.0,1406.0,2.65752478142e-05
None0,1208.0,1408.0,0.000451779212841
None0,1208.0,1410.0,0.000425203965027
None0,1208.0,1412.0,0.000159451486885
None0,1208.0,1413.0,0.00031890297377
None0,1208.0,1415.0,7.97257434426e-05
None0,1208.0,1417.0,2.65752478142e-05
None0,1208.0,1419.0,0.000292327725956
None0,1208.0,1420.0,0.00031890297377
None0,1208.0,1422.0,0.00201971883388
None0,1208.0,1423.0,0.00050492970847
None0,1208.0,1424.0,0.000106300991257
None0,1208.0,1425.0,0.000451779212841
None0,1208.0,1429.0,0.000744106938797
None0,1208.0,1430.0,2.65752478142e-05
None0,1208.0,1431.0,0.000558080204098
None0,1208.0,1432.0,7.97257434426e-05
None0,1208.0,1433.0,0.000106300991257
None0,1208.0,1434.0,2.65752478142e-05
None0,1208.0,1437.0,0.000186026734699
None0,1208.0,1438.0,0.000159451486885
None0,1208.0,1440.0,7.97257434426e-05
None0,1208.0,1442.0,0.000159451486885
None0,1208.0,1443.0,0.000132876239071
None0,1208.0,1444.0,5.31504956284e-05
None0,1208.0,1445.0,0.000239177230328
None0,1208.0,1450.0,7.97257434426e-05
None0,1208.0,1451.0,2.65752478142e-05
None0,1208.0,1454.0,0.00031890297377
None0,1208.0,1455.0,0.000212601982513
None0,1208.0,1456.0,2.65752478142e-05
None0,1208.0,1457.0,0.000292327725956
None0,1208.0,1458.0,5.31504956284e-05
None0,1208.0,1459.0,0.000398628717213
None0,1208.0,1461.0,0.000212601982513
None0,1208.0,1462.0,0.00082383268224
None0,1208.0,1464.0,5.31504956284e-05
None0,1208.0,1465.0,0.00031890297377
None0,1208.0,1466.0,0.000664381195355
None0,1208.0,1468.0,2.65752478142e-05
None0,1208.0,1469.0,0.000239177230328
None0,1208.0,1470.0,2.65752478142e-05
None0,1208.0,1472.0,0.000292327725956
None0,1208.0,1477.0,2.65752478142e-05
None0,1208.0,1478.0,0.000239177230328
None0,1208.0,1480.0,2.65752478142e-05
None0,1208.0,1481.0,0.00159451486885
None0,1208.0,1483.0,5.31504956284e-05
None0,1208.0,1484.0,2.65752478142e-05
None0,1208.0,1485.0,0.000106300991257
None0,1208.0,1486.0,0.000478354460655
None0,1208.0,1488.0,0.00031890297377
None0,1208.0,1489.0,5.31504956284e-05
None0,1208.0,1492.0,0.000451779212841
None0,1208.0,1493.0,2.65752478142e-05
None0,1208.0,1494.0,2.65752478142e-05
None0,1208.0,1495.0,0.000186026734699
None0,1208.0,1497.0,0.000186026734699
None0,1208.0,1498.0,0.000186026734699
None0,1208.0,1499.0,2.65752478142e-05
None0,1208.0,1500.0,0.000132876239071
None0,1208.0,1501.0,7.97257434426e-05
None0,1208.0,1503.0,0.000186026734699
None0,1208.0,1505.0,0.000159451486885
None0,1208.0,1506.0,0.000850407930054
None0,1208.0,1507.0,0.000159451486885
None0,1208.0,1508.0,2.65752478142e-05
None0,1208.0,1509.0,0.00082383268224
None0,1208.0,1510.0,0.000186026734699
None0,1208.0,1511.0,0.000983284169125
None0,1208.0,1512.0,0.000186026734699
None0,1208.0,1513.0,2.65752478142e-05
None0,1208.0,1514.0,0.000744106938797
None0,1208.0,1515.0,2.65752478142e-05
None0,1208.0,1516.0,2.65752478142e-05
None0,1208.0,1517.0,7.97257434426e-05
None0,1208.0,1519.0,0.000132876239071
None0,1208.0,1520.0,0.000292327725956
None0,1208.0,1522.0,0.00162109011667
None0,1208.0,1523.0,0.000212601982513
None0,1208.0,1524.0,5.31504956284e-05
None0,1208.0,1525.0,0.00103643466475
None0,1208.0,1526.0,0.00103643466475
None0,1208.0,1527.0,2.65752478142e-05
None0,1208.0,1528.0,0.00031890297377
None0,1208.0,1529.0,0.000159451486885
None0,1208.0,1530.0,0.000159451486885
None0,1208.0,1534.0,2.65752478142e-05
None0,1208.0,1535.0,5.31504956284e-05
None0,1208.0,1538.0,0.000398628717213
None0,1208.0,1540.0,7.97257434426e-05
None0,1208.0,1541.0,0.00172739110792
None0,1208.0,1542.0,2.65752478142e-05
None0,1208.0,1543.0,0.000132876239071
None0,1208.0,1544.0,0.000239177230328
None0,1208.0,1545.0,0.000186026734699
None0,1208.0,1546.0,2.65752478142e-05
None0,1208.0,1547.0,2.65752478142e-05
None0,1208.0,1550.0,0.000106300991257
None0,1208.0,1551.0,0.00100985941694
None0,1208.0,1552.0,5.31504956284e-05
None0,1208.0,1553.0,7.97257434426e-05
None0,1208.0,1554.0,0.000132876239071
None0,1208.0,1555.0,0.000106300991257
None0,1208.0,1556.0,0.000159451486885
None0,1208.0,1557.0,0.000106300991257
None0,1208.0,1559.0,5.31504956284e-05
None0,1208.0,1560.0,0.000106300991257
None0,1208.0,1561.0,7.97257434426e-05
None0,1208.0,1562.0,2.65752478142e-05
None0,1208.0,1563.0,0.000372053469399
None0,1208.0,1564.0,2.65752478142e-05
None0,1208.0,1565.0,2.65752478142e-05
None0,1208.0,1566.0,0.00313587924207
None0,1208.0,1568.0,2.65752478142e-05
None0,1208.0,1569.0,0.00114273565601
None0,1208.0,1570.0,0.000478354460655
None0,1208.0,1571.0,7.97257434426e-05
None0,1208.0,1573.0,0.000265752478142
None0,1208.0,1574.0,0.000106300991257
None0,1208.0,1575.0,2.65752478142e-05
None0,1208.0,1578.0,0.000292327725956
None0,1208.0,1579.0,0.00050492970847
None0,1208.0,1580.0,0.000664381195355
None0,1208.0,1581.0,0.000132876239071
None0,1208.0,1582.0,0.000265752478142
None0,1208.0,1584.0,0.000212601982513
None0,1208.0,1585.0,5.31504956284e-05
None0,1208.0,1586.0,0.00159451486885
None0,1208.0,1587.0,5.31504956284e-05
None0,1208.0,1588.0,0.00132876239071
None0,1208.0,1589.0,5.31504956284e-05
None0,1208.0,1591.0,0.000159451486885
None0,1208.0,1593.0,0.000345478221584
None0,1208.0,1595.0,7.97257434426e-05
None0,1208.0,1597.0,0.00515559807595
None0,1208.0,1598.0,0.000132876239071
None0,1208.0,1599.0,0.00178054160355
None0,1208.0,1600.0,7.97257434426e-05
None0,1208.0,1601.0,5.31504956284e-05
None0,1208.0,1602.0,0.000531504956284
None0,1208.0,1603.0,2.65752478142e-05
None0,1208.0,1604.0,0.000132876239071
None0,1208.0,1605.0,0.000186026734699
None0,1208.0,1606.0,7.97257434426e-05
None0,1208.0,1607.0,0.000132876239071
None0,1208.0,1608.0,2.65752478142e-05
None0,1208.0,1609.0,7.97257434426e-05
None0,1208.0,1613.0,0.000132876239071
None0,1208.0,1615.0,7.97257434426e-05
None0,1208.0,1616.0,0.00140848813415
None0,1208.0,1617.0,2.65752478142e-05
None0,1208.0,1618.0,0.000744106938797
None0,1208.0,1621.0,0.000186026734699
None0,1208.0,1622.0,2.65752478142e-05
None0,1208.0,1624.0,0.000159451486885
None0,1208.0,1625.0,0.000717531690983
None0,1208.0,1626.0,0.000106300991257
None0,1208.0,1627.0,2.65752478142e-05
None0,1208.0,1628.0,0.00159451486885
None0,1208.0,1631.0,7.97257434426e-05
None0,1208.0,1632.0,2.65752478142e-05
None0,1208.0,1633.0,2.65752478142e-05
None0,1208.0,1634.0,2.65752478142e-05
None0,1208.0,1637.0,0.000132876239071
None0,1208.0,1639.0,0.000132876239071
None0,1208.0,1640.0,0.00178054160355
None0,1208.0,1642.0,0.00122246139945
None0,1208.0,1643.0,5.31504956284e-05
None0,1208.0,1644.0,0.000239177230328
None0,1208.0,1648.0,7.97257434426e-05
None0,1208.0,1649.0,2.65752478142e-05
None0,1208.0,1651.0,5.31504956284e-05
None0,1208.0,1652.0,5.31504956284e-05
None0,1208.0,1653.0,7.97257434426e-05
None0,1208.0,1654.0,0.000132876239071
None0,1208.0,1655.0,0.000186026734699
None0,1208.0,1656.0,0.000186026734699
None0,1208.0,1660.0,0.000212601982513
None0,1208.0,1662.0,0.000106300991257
None0,1208.0,1663.0,5.31504956284e-05
None0,1208.0,1664.0,0.000345478221584
None0,1208.0,1665.0,0.000106300991257
None0,1208.0,1666.0,7.97257434426e-05
None0,1208.0,1667.0,0.000106300991257
None0,1208.0,1669.0,7.97257434426e-05
None0,1208.0,1672.0,2.65752478142e-05
None0,1208.0,1674.0,2.65752478142e-05
None0,1208.0,1676.0,2.65752478142e-05
None0,1208.0,1677.0,0.00050492970847
None0,1208.0,1680.0,0.000159451486885
None0,1208.0,1681.0,0.000425203965027
None0,1208.0,1682.0,0.000265752478142
None0,1208.0,1683.0,0.00031890297377
None0,1208.0,1684.0,0.000159451486885
None0,1208.0,1685.0,0.000132876239071
None0,1208.0,1686.0,0.000558080204098
None0,1208.0,1687.0,0.000292327725956
None0,1208.0,1688.0,7.97257434426e-05
None0,1208.0,1689.0,5.31504956284e-05
None0,1208.0,1691.0,7.97257434426e-05
None0,1208.0,1692.0,5.31504956284e-05
None0,1208.0,1693.0,2.65752478142e-05
None0,1208.0,1695.0,0.00082383268224
None0,1208.0,1696.0,5.31504956284e-05
None0,1208.0,1697.0,0.000372053469399
None0,1208.0,1700.0,0.000212601982513
None0,1208.0,1701.0,0.00031890297377
None0,1208.0,1702.0,0.000265752478142
None0,1208.0,1704.0,0.00031890297377
None0,1208.0,1708.0,2.65752478142e-05
None0,1208.0,1709.0,0.000159451486885
None0,1208.0,1710.0,0.00672353769699
None0,1208.0,1712.0,0.000611230699726
None0,1208.0,1713.0,2.65752478142e-05
None0,1208.0,1714.0,2.65752478142e-05
None0,1208.0,1715.0,0.000584655451912
None0,1208.0,1716.0,0.000106300991257
None0,1208.0,1717.0,5.31504956284e-05
None0,1208.0,1719.0,5.31504956284e-05
None0,1208.0,1720.0,2.65752478142e-05
None0,1208.0,1721.0,2.65752478142e-05
None0,1208.0,1722.0,0.000132876239071
None0,1208.0,1723.0,5.31504956284e-05
None0,1208.0,1724.0,0.000132876239071
None0,1208.0,1725.0,2.65752478142e-05
None0,1208.0,1727.0,0.000212601982513
None0,1208.0,1728.0,0.000398628717213
None0,1208.0,1729.0,0.000212601982513
None0,1208.0,1730.0,5.31504956284e-05
None0,1208.0,1731.0,0.00103643466475
None0,1208.0,1732.0,5.31504956284e-05
None0,1208.0,1733.0,0.00951393871748
None0,1208.0,1737.0,0.00249807329453
None0,1208.0,1739.0,2.65752478142e-05
None0,1208.0,1740.0,7.97257434426e-05
None0,1208.0,1741.0,0.000212601982513
None0,1208.0,1742.0,0.00292327725956
None0,1208.0,1743.0,2.65752478142e-05
None0,1208.0,1745.0,7.97257434426e-05
None0,1208.0,1746.0,0.000186026734699
None0,1208.0,1747.0,0.000159451486885
None0,1208.0,1748.0,2.65752478142e-05
None0,1208.0,1749.0,0.000876983177868
None0,1208.0,1750.0,5.31504956284e-05
None0,1208.0,1752.0,7.97257434426e-05
None0,1208.0,1753.0,7.97257434426e-05
None0,1208.0,1754.0,5.31504956284e-05
None0,1208.0,1755.0,0.00180711685136
None0,1208.0,1756.0,0.000451779212841
None0,1208.0,1758.0,0.000106300991257
None0,1208.0,1759.0,2.65752478142e-05
None0,1208.0,1761.0,5.31504956284e-05
None0,1208.0,1763.0,2.65752478142e-05
None0,1208.0,1764.0,2.65752478142e-05
None0,1208.0,1765.0,0.000265752478142
None0,1208.0,1766.0,0.000106300991257
None0,1208.0,1767.0,0.00116931090382
None0,1208.0,1770.0,2.65752478142e-05
None0,1208.0,1771.0,7.97257434426e-05
None0,1208.0,1773.0,0.0391984905259
None0,1208.0,1774.0,0.00082383268224
None0,1208.0,1775.0,0.000372053469399
None0,1208.0,1777.0,0.00063780594754
None0,1208.0,1778.0,5.31504956284e-05
None0,1208.0,1780.0,0.000159451486885
None0,1208.0,1781.0,0.000159451486885
None0,1208.0,1782.0,2.65752478142e-05
None0,1208.0,1783.0,0.000239177230328
None0,1208.0,1785.0,5.31504956284e-05
None0,1208.0,1787.0,0.000239177230328
None0,1208.0,1788.0,2.65752478142e-05
None0,1208.0,1794.0,0.000132876239071
None0,1208.0,1795.0,0.000292327725956
None0,1208.0,1796.0,0.000398628717213
None0,1208.0,1797.0,5.31504956284e-05
None0,1208.0,1800.0,0.000186026734699
None0,1208.0,1801.0,7.97257434426e-05
None0,1208.0,1802.0,0.000265752478142
None0,1208.0,1803.0,0.000398628717213
None0,1208.0,1804.0,5.31504956284e-05
None0,1208.0,1805.0,0.00170081586011
None0,1208.0,1806.0,0.000132876239071
None0,1208.0,1807.0,5.31504956284e-05
None0,1208.0,1809.0,0.000186026734699
None0,1208.0,1810.0,5.31504956284e-05
None0,1208.0,1811.0,2.65752478142e-05
None0,1208.0,1813.0,0.000558080204098
None0,1208.0,1814.0,0.000664381195355
None0,1208.0,1816.0,0.00031890297377
None0,1208.0,1817.0,7.97257434426e-05
None0,1208.0,1818.0,7.97257434426e-05
None0,1208.0,1820.0,2.65752478142e-05
None0,1208.0,1821.0,0.000690956443169
None0,1208.0,1822.0,7.97257434426e-05
None0,1208.0,1823.0,7.97257434426e-05
None0,1208.0,1824.0,2.65752478142e-05
None0,1208.0,1825.0,0.000212601982513
None0,1208.0,1827.0,0.000770682186611
None0,1208.0,1828.0,2.65752478142e-05
None0,1208.0,1829.0,0.000106300991257
None0,1208.0,1830.0,0.000186026734699
None0,1208.0,1831.0,0.000132876239071
None0,1208.0,1832.0,2.65752478142e-05
None0,1208.0,1834.0,0.000345478221584
None0,1208.0,1835.0,2.65752478142e-05
None0,1208.0,1836.0,2.65752478142e-05
None0,1208.0,1837.0,0.000106300991257
None0,1208.0,1838.0,2.65752478142e-05
None0,1208.0,1839.0,7.97257434426e-05
None0,1208.0,1841.0,7.97257434426e-05
None0,1208.0,1843.0,2.65752478142e-05
None0,1208.0,1844.0,0.00031890297377
None0,1208.0,1846.0,0.000425203965027
None0,1208.0,1847.0,0.000425203965027
None0,1208.0,1848.0,2.65752478142e-05
None0,1208.0,1849.0,0.000292327725956
None0,1208.0,1850.0,0.000106300991257
None0,1208.0,1851.0,0.0013021871429
None0,1208.0,1853.0,2.65752478142e-05
None0,1208.0,1854.0,2.65752478142e-05
None0,1208.0,1855.0,5.31504956284e-05
None0,1208.0,1856.0,2.65752478142e-05
None0,1208.0,1857.0,0.000292327725956
None0,1208.0,1858.0,0.000212601982513
None0,1208.0,1859.0,0.000239177230328
None0,1208.0,1861.0,2.65752478142e-05
None0,1208.0,1862.0,0.000345478221584
None0,1208.0,1863.0,0.000212601982513
None0,1208.0,1864.0,2.65752478142e-05
None0,1208.0,1865.0,2.65752478142e-05
None0,1208.0,1868.0,0.000292327725956
None0,1208.0,1869.0,5.31504956284e-05
None0,1208.0,1870.0,0.000132876239071
None0,1208.0,1871.0,0.000425203965027
None0,1208.0,1872.0,0.000106300991257
None0,1208.0,1874.0,0.000212601982513
None0,1208.0,1875.0,0.000106300991257
None0,1208.0,1877.0,0.000611230699726
None0,1208.0,1878.0,0.000398628717213
None0,1208.0,1882.0,0.000345478221584
None0,1208.0,1883.0,7.97257434426e-05
None0,1208.0,1884.0,0.000345478221584
None0,1208.0,1886.0,7.97257434426e-05
None0,1208.0,1888.0,0.000106300991257
None0,1208.0,1889.0,0.000372053469399
None0,1208.0,1890.0,7.97257434426e-05
None0,1208.0,1891.0,5.31504956284e-05
None0,1208.0,1893.0,0.000611230699726
None0,1208.0,1894.0,2.65752478142e-05
None0,1208.0,1895.0,0.000690956443169
None0,1208.0,1896.0,0.000690956443169
None0,1208.0,1897.0,0.00233862180765
None0,1208.0,1899.0,0.000372053469399
None0,1208.0,1901.0,0.00031890297377
None0,1208.0,1902.0,5.31504956284e-05
None0,1208.0,1904.0,0.000265752478142
None0,1208.0,1906.0,2.65752478142e-05
None0,1208.0,1907.0,0.0160780249276
None0,1208.0,1908.0,0.000558080204098
None0,1208.0,1911.0,0.000345478221584
None0,1208.0,1913.0,0.000876983177868
None0,1208.0,1914.0,0.000372053469399
None0,1208.0,1915.0,0.000584655451912
None0,1208.0,1916.0,2.65752478142e-05
None0,1208.0,1919.0,2.65752478142e-05
None0,1208.0,1921.0,7.97257434426e-05
None0,1208.0,1922.0,2.65752478142e-05
None0,1208.0,1923.0,0.00031890297377
None0,1208.0,1925.0,5.31504956284e-05
None0,1208.0,1927.0,0.00108958516038
None0,1208.0,1928.0,0.000212601982513
None0,1208.0,1929.0,2.65752478142e-05
None0,1208.0,1930.0,0.00132876239071
None0,1208.0,1932.0,2.65752478142e-05
None0,1208.0,1934.0,7.97257434426e-05
None0,1208.0,1935.0,2.65752478142e-05
None0,1208.0,1936.0,2.65752478142e-05
None0,1208.0,1937.0,5.31504956284e-05
None0,1208.0,1939.0,2.65752478142e-05
None0,1208.0,1942.0,0.000345478221584
None0,1208.0,1943.0,2.65752478142e-05
None0,1208.0,1944.0,0.000451779212841
None0,1208.0,1946.0,2.65752478142e-05
None0,1208.0,1947.0,0.000159451486885
None0,1208.0,1948.0,0.000451779212841
None0,1208.0,1949.0,2.65752478142e-05
None0,1208.0,1950.0,0.000159451486885
None0,1208.0,1952.0,2.65752478142e-05
None0,1208.0,1953.0,0.000584655451912
None0,1208.0,1954.0,7.97257434426e-05
None0,1208.0,1956.0,7.97257434426e-05
None0,1208.0,1957.0,5.31504956284e-05
None0,1208.0,1959.0,0.00031890297377
None0,1208.0,1960.0,0.000451779212841
None0,1208.0,1961.0,7.97257434426e-05
None0,1208.0,1962.0,2.65752478142e-05
None0,1208.0,1963.0,0.000159451486885
None0,1208.0,1964.0,0.000159451486885
None0,1208.0,1965.0,0.00507587233251
None0,1208.0,1966.0,0.000159451486885
None0,1208.0,1967.0,7.97257434426e-05
None0,1208.0,1968.0,0.000744106938797
None0,1208.0,1969.0,5.31504956284e-05
None0,1208.0,1970.0,5.31504956284e-05
None0,1208.0,1971.0,2.65752478142e-05
None0,1208.0,1972.0,5.31504956284e-05
None0,1208.0,1973.0,2.65752478142e-05
None0,1208.0,1975.0,2.65752478142e-05
None0,1208.0,1977.0,0.000451779212841
None0,1208.0,1978.0,2.65752478142e-05
None0,1208.0,1983.0,2.65752478142e-05
None0,1208.0,1985.0,0.000159451486885
None0,1208.0,1986.0,2.65752478142e-05
None0,1208.0,1987.0,2.65752478142e-05
None0,1208.0,1988.0,7.97257434426e-05
None0,1208.0,1990.0,2.65752478142e-05
None0,1208.0,1991.0,0.000398628717213
None0,1208.0,1992.0,0.000239177230328
None0,1208.0,1993.0,5.31504956284e-05
None0,1208.0,1994.0,7.97257434426e-05
None0,1208.0,1995.0,7.97257434426e-05
None0,1208.0,1997.0,2.65752478142e-05
None0,1208.0,1998.0,2.65752478142e-05
None0,1208.0,1999.0,7.97257434426e-05
None0,1209.0,0.0,0.000185652755087
None0,1209.0,1.0,3.71305510174e-05
None0,1209.0,2.0,0.00891133224417
None0,1209.0,3.0,0.00014852220407
None0,1209.0,4.0,0.000334174959156
None0,1209.0,5.0,0.000185652755087
None0,1209.0,7.0,7.42611020348e-05
None0,1209.0,12.0,0.000371305510174
None0,1209.0,13.0,0.00308183573444
None0,1209.0,15.0,0.000185652755087
None0,1209.0,16.0,0.000111391653052
None0,1209.0,17.0,0.000111391653052
None0,1209.0,21.0,0.000185652755087
None0,1209.0,23.0,3.71305510174e-05
None0,1209.0,24.0,3.71305510174e-05
None0,1209.0,26.0,0.000222783306104
None0,1209.0,27.0,0.00100252487747
None0,1209.0,28.0,0.000445566612209
None0,1209.0,29.0,0.000185652755087
None0,1209.0,30.0,0.000185652755087
None0,1209.0,31.0,0.000594088816278
None0,1209.0,33.0,0.000408436061191
None0,1209.0,34.0,0.000111391653052
None0,1209.0,35.0,0.000111391653052
None0,1209.0,36.0,0.00014852220407
None0,1209.0,37.0,0.000742611020348
None0,1209.0,38.0,0.027847913263
None0,1209.0,39.0,0.00014852220407
None0,1209.0,40.0,0.000222783306104
None0,1209.0,41.0,0.000111391653052
None0,1209.0,42.0,0.000259913857122
None0,1209.0,43.0,0.000111391653052
None0,1209.0,44.0,0.000185652755087
None0,1209.0,45.0,7.42611020348e-05
None0,1209.0,46.0,0.00014852220407
None0,1209.0,47.0,0.000111391653052
None0,1209.0,48.0,3.71305510174e-05
None0,1209.0,49.0,0.0008540026734
None0,1209.0,50.0,0.000668349918313
None0,1209.0,51.0,3.71305510174e-05
None0,1209.0,52.0,0.000259913857122
None0,1209.0,54.0,0.00014852220407
None0,1209.0,55.0,7.42611020348e-05
None0,1209.0,56.0,0.000111391653052
None0,1209.0,57.0,0.00014852220407
None0,1209.0,58.0,0.000297044408139
None0,1209.0,59.0,0.00014852220407
None0,1209.0,60.0,7.42611020348e-05
None0,1209.0,62.0,0.00014852220407
None0,1209.0,63.0,0.000408436061191
None0,1209.0,64.0,3.71305510174e-05
None0,1209.0,65.0,0.000111391653052
None0,1209.0,66.0,3.71305510174e-05
None0,1209.0,67.0,0.00014852220407
None0,1209.0,68.0,0.000222783306104
None0,1209.0,69.0,0.000594088816278
None0,1209.0,72.0,7.42611020348e-05
None0,1209.0,77.0,0.000482697163226
None0,1209.0,79.0,3.71305510174e-05
None0,1209.0,82.0,0.000185652755087
None0,1209.0,83.0,7.42611020348e-05
None0,1209.0,84.0,3.71305510174e-05
None0,1209.0,85.0,7.42611020348e-05
None0,1209.0,87.0,3.71305510174e-05
None0,1209.0,88.0,0.000519827714243
None0,1209.0,89.0,0.000111391653052
None0,1209.0,91.0,0.000185652755087
None0,1209.0,93.0,3.71305510174e-05
None0,1209.0,94.0,0.000185652755087
None0,1209.0,95.0,3.71305510174e-05
None0,1209.0,102.0,3.71305510174e-05
None0,1209.0,105.0,7.42611020348e-05
None0,1209.0,107.0,7.42611020348e-05
None0,1209.0,108.0,3.71305510174e-05
None0,1209.0,117.0,3.71305510174e-05
None0,1209.0,118.0,3.71305510174e-05
None0,1209.0,119.0,3.71305510174e-05
None0,1209.0,128.0,0.000297044408139
None0,1209.0,130.0,7.42611020348e-05
None0,1209.0,136.0,3.71305510174e-05
None0,1209.0,139.0,7.42611020348e-05
None0,1209.0,144.0,3.71305510174e-05
None0,1209.0,147.0,7.42611020348e-05
None0,1209.0,148.0,7.42611020348e-05
None0,1209.0,151.0,3.71305510174e-05
None0,1209.0,157.0,3.71305510174e-05
None0,1209.0,159.0,0.000185652755087
None0,1209.0,160.0,3.71305510174e-05
None0,1209.0,161.0,3.71305510174e-05
None0,1209.0,163.0,3.71305510174e-05
None0,1209.0,164.0,0.000111391653052
None0,1209.0,166.0,0.000111391653052
None0,1209.0,168.0,0.000111391653052
None0,1209.0,169.0,0.00408436061191
None0,1209.0,171.0,0.00902272389722
None0,1209.0,174.0,3.71305510174e-05
None0,1209.0,175.0,7.42611020348e-05
None0,1209.0,177.0,0.000779741571365
None0,1209.0,178.0,0.000742611020348
None0,1209.0,179.0,0.000185652755087
None0,1209.0,180.0,0.0596687954849
None0,1209.0,182.0,7.42611020348e-05
None0,1209.0,185.0,0.000482697163226
None0,1209.0,186.0,7.42611020348e-05
None0,1209.0,187.0,0.00014852220407
None0,1209.0,189.0,0.00141096093866
None0,1209.0,190.0,7.42611020348e-05
None0,1209.0,191.0,0.000519827714243
None0,1209.0,192.0,0.000445566612209
None0,1209.0,193.0,0.000111391653052
None0,1209.0,194.0,3.71305510174e-05
None0,1209.0,195.0,0.0008540026734
None0,1209.0,198.0,0.0008540026734
None0,1209.0,199.0,7.42611020348e-05
None0,1209.0,200.0,7.42611020348e-05
None0,1209.0,201.0,7.42611020348e-05
None0,1209.0,203.0,3.71305510174e-05
None0,1209.0,205.0,0.00014852220407
None0,1209.0,210.0,3.71305510174e-05
None0,1209.0,226.0,3.71305510174e-05
None0,1209.0,227.0,0.0754864102183
None0,1209.0,228.0,0.00070548046933
None0,1209.0,229.0,0.000668349918313
None0,1209.0,230.0,0.00222783306104
None0,1209.0,231.0,3.71305510174e-05
None0,1209.0,233.0,0.000185652755087
None0,1209.0,237.0,0.000297044408139
None0,1209.0,238.0,0.05547304322
None0,1209.0,239.0,0.000408436061191
None0,1209.0,241.0,0.000185652755087
None0,1209.0,242.0,3.71305510174e-05
None0,1209.0,243.0,0.000185652755087
None0,1209.0,247.0,0.000259913857122
None0,1209.0,248.0,0.00594088816278
None0,1209.0,249.0,0.000334174959156
None0,1209.0,250.0,0.000556958265261
None0,1209.0,251.0,0.000185652755087
None0,1209.0,252.0,0.00802019901975
None0,1209.0,253.0,0.000111391653052
None0,1209.0,254.0,7.42611020348e-05
None0,1209.0,255.0,0.000408436061191
None0,1209.0,256.0,7.42611020348e-05
None0,1209.0,257.0,0.000371305510174
None0,1209.0,258.0,7.42611020348e-05
None0,1209.0,259.0,0.000111391653052
None0,1209.0,260.0,7.42611020348e-05
None0,1209.0,261.0,0.000594088816278
None0,1209.0,262.0,7.42611020348e-05
None0,1209.0,265.0,0.000111391653052
None0,1209.0,266.0,0.000482697163226
None0,1209.0,267.0,0.000111391653052
None0,1209.0,270.0,0.0027847913263
None0,1209.0,271.0,0.00103965542849
None0,1209.0,275.0,0.00115104708154
None0,1209.0,276.0,0.0334546264667
None0,1209.0,279.0,0.000185652755087
None0,1209.0,282.0,3.71305510174e-05
None0,1209.0,286.0,0.000297044408139
None0,1209.0,287.0,0.000259913857122
None0,1209.0,288.0,0.0008540026734
None0,1209.0,291.0,0.00014852220407
None0,1209.0,297.0,7.42611020348e-05
None0,1209.0,298.0,3.71305510174e-05
None0,1209.0,301.0,0.000519827714243
None0,1209.0,302.0,0.000259913857122
None0,1209.0,304.0,0.00133669983663
None0,1209.0,305.0,3.71305510174e-05
None0,1209.0,306.0,7.42611020348e-05
None0,1209.0,309.0,0.0025620080202
None0,1209.0,310.0,0.00070548046933
None0,1209.0,313.0,3.71305510174e-05
None0,1209.0,315.0,0.000222783306104
None0,1209.0,317.0,0.000111391653052
None0,1209.0,319.0,0.00330461904055
None0,1209.0,324.0,3.71305510174e-05
None0,1209.0,325.0,7.42611020348e-05
None0,1209.0,327.0,3.71305510174e-05
None0,1209.0,338.0,3.71305510174e-05
None0,1209.0,341.0,3.71305510174e-05
None0,1209.0,348.0,3.71305510174e-05
None0,1209.0,353.0,0.000111391653052
None0,1209.0,356.0,3.71305510174e-05
None0,1209.0,360.0,3.71305510174e-05
None0,1209.0,363.0,3.71305510174e-05
None0,1209.0,364.0,0.00441853557107
None0,1209.0,365.0,0.00014852220407
None0,1209.0,367.0,0.000185652755087
None0,1209.0,369.0,0.000259913857122
None0,1209.0,370.0,0.000965394326452
None0,1209.0,371.0,0.000631219367295
None0,1209.0,376.0,0.00014852220407
None0,1209.0,377.0,0.00014852220407
None0,1209.0,378.0,0.00393583840784
None0,1209.0,379.0,0.000891133224417
None0,1209.0,380.0,0.000297044408139
None0,1209.0,382.0,0.0010767859795
None0,1209.0,383.0,0.00115104708154
None0,1209.0,387.0,0.000891133224417
None0,1209.0,388.0,0.000594088816278
None0,1209.0,389.0,0.000222783306104
None0,1209.0,390.0,0.000111391653052
None0,1209.0,391.0,0.000631219367295
None0,1209.0,393.0,3.71305510174e-05
None0,1209.0,394.0,7.42611020348e-05
None0,1209.0,396.0,3.71305510174e-05
None0,1209.0,398.0,0.00237635526511
None0,1209.0,399.0,7.42611020348e-05
None0,1209.0,401.0,0.00014852220407
None0,1209.0,402.0,0.000222783306104
None0,1209.0,405.0,0.000371305510174
None0,1209.0,408.0,3.71305510174e-05
None0,1209.0,409.0,0.00386157730581
None0,1209.0,410.0,0.000111391653052
None0,1209.0,411.0,0.0327862765483
None0,1209.0,412.0,7.42611020348e-05
None0,1209.0,413.0,0.000222783306104
None0,1209.0,415.0,7.42611020348e-05
None0,1209.0,416.0,7.42611020348e-05
None0,1209.0,417.0,0.000371305510174
None0,1209.0,419.0,0.0803505124016
None0,1209.0,420.0,0.000594088816278
None0,1209.0,423.0,7.42611020348e-05
None0,1209.0,424.0,0.000408436061191
None0,1209.0,425.0,0.000408436061191
None0,1209.0,426.0,7.42611020348e-05
None0,1209.0,428.0,0.000185652755087
None0,1209.0,429.0,0.000222783306104
None0,1209.0,431.0,3.71305510174e-05
None0,1209.0,432.0,0.00014852220407
None0,1209.0,437.0,7.42611020348e-05
None0,1209.0,439.0,0.000519827714243
None0,1209.0,441.0,0.000371305510174
None0,1209.0,442.0,0.000222783306104
None0,1209.0,445.0,0.000408436061191
None0,1209.0,446.0,0.000445566612209
None0,1209.0,447.0,0.000111391653052
None0,1209.0,448.0,3.71305510174e-05
None0,1209.0,450.0,3.71305510174e-05
None0,1209.0,452.0,0.000222783306104
None0,1209.0,453.0,0.000111391653052
None0,1209.0,454.0,7.42611020348e-05
None0,1209.0,456.0,3.71305510174e-05
None0,1209.0,457.0,0.000371305510174
None0,1209.0,458.0,0.000445566612209
None0,1209.0,460.0,0.00014852220407
None0,1209.0,461.0,0.000111391653052
None0,1209.0,462.0,0.000594088816278
None0,1209.0,464.0,0.000259913857122
None0,1209.0,465.0,0.000408436061191
None0,1209.0,466.0,0.000556958265261
None0,1209.0,467.0,0.000222783306104
None0,1209.0,468.0,0.000371305510174
None0,1209.0,469.0,0.000408436061191
None0,1209.0,470.0,7.42611020348e-05
None0,1209.0,471.0,7.42611020348e-05
None0,1209.0,472.0,0.0180825783455
None0,1209.0,473.0,0.000668349918313
None0,1209.0,474.0,3.71305510174e-05
None0,1209.0,478.0,0.00430714391802
None0,1209.0,480.0,0.000111391653052
None0,1209.0,481.0,0.000111391653052
None0,1209.0,482.0,7.42611020348e-05
None0,1209.0,483.0,0.000631219367295
None0,1209.0,484.0,0.000408436061191
None0,1209.0,487.0,3.71305510174e-05
None0,1209.0,488.0,0.000111391653052
None0,1209.0,489.0,0.00014852220407
None0,1209.0,490.0,0.0019307886529
None0,1209.0,494.0,0.000111391653052
None0,1209.0,495.0,7.42611020348e-05
None0,1209.0,496.0,0.000408436061191
None0,1209.0,500.0,3.71305510174e-05
None0,1209.0,501.0,0.000482697163226
None0,1209.0,504.0,0.000111391653052
None0,1209.0,505.0,0.000111391653052
None0,1209.0,506.0,0.000556958265261
None0,1209.0,513.0,3.71305510174e-05
None0,1209.0,515.0,0.000408436061191
None0,1209.0,516.0,7.42611020348e-05
None0,1209.0,517.0,3.71305510174e-05
None0,1209.0,519.0,0.000111391653052
None0,1209.0,520.0,0.00014852220407
None0,1209.0,523.0,0.000482697163226
None0,1209.0,524.0,0.000222783306104
None0,1209.0,526.0,0.000965394326452
None0,1209.0,528.0,0.00267339967325
None0,1209.0,530.0,0.00230209416308
None0,1209.0,531.0,7.42611020348e-05
None0,1209.0,533.0,0.000519827714243
None0,1209.0,535.0,0.000185652755087
None0,1209.0,539.0,0.000556958265261
None0,1209.0,545.0,0.00456705777514
None0,1209.0,546.0,0.000594088816278
None0,1209.0,550.0,3.71305510174e-05
None0,1209.0,551.0,0.000371305510174
None0,1209.0,552.0,0.000185652755087
None0,1209.0,553.0,0.000222783306104
None0,1209.0,554.0,0.000222783306104
None0,1209.0,557.0,0.000222783306104
None0,1209.0,561.0,0.000185652755087
None0,1209.0,564.0,0.00159661369375
None0,1209.0,566.0,0.00014852220407
None0,1209.0,567.0,7.42611020348e-05
None0,1209.0,568.0,7.42611020348e-05
None0,1209.0,569.0,0.000185652755087
None0,1209.0,574.0,3.71305510174e-05
None0,1209.0,576.0,3.71305510174e-05
None0,1209.0,577.0,3.71305510174e-05
None0,1209.0,581.0,7.42611020348e-05
None0,1209.0,582.0,3.71305510174e-05
None0,1209.0,583.0,7.42611020348e-05
None0,1209.0,584.0,3.71305510174e-05
None0,1209.0,587.0,0.00014852220407
None0,1209.0,589.0,7.42611020348e-05
None0,1209.0,590.0,3.71305510174e-05
None0,1209.0,591.0,3.71305510174e-05
None0,1209.0,595.0,3.71305510174e-05
None0,1209.0,599.0,3.71305510174e-05
None0,1209.0,602.0,0.000111391653052
None0,1209.0,604.0,0.000111391653052
None0,1209.0,606.0,0.00122530818357
None0,1209.0,611.0,3.71305510174e-05
None0,1209.0,612.0,0.000111391653052
None0,1209.0,613.0,0.000185652755087
None0,1209.0,614.0,0.000259913857122
None0,1209.0,616.0,7.42611020348e-05
None0,1209.0,617.0,7.42611020348e-05
None0,1209.0,620.0,3.71305510174e-05
None0,1209.0,621.0,0.000297044408139
None0,1209.0,622.0,0.000111391653052
None0,1209.0,623.0,7.42611020348e-05
None0,1209.0,625.0,3.71305510174e-05
None0,1209.0,629.0,7.42611020348e-05
None0,1209.0,631.0,3.71305510174e-05
None0,1209.0,633.0,3.71305510174e-05
None0,1209.0,634.0,0.000816872122382
None0,1209.0,635.0,0.000297044408139
None0,1209.0,637.0,0.000408436061191
None0,1209.0,638.0,0.00014852220407
None0,1209.0,639.0,0.000259913857122
None0,1209.0,640.0,0.000111391653052
None0,1209.0,646.0,7.42611020348e-05
None0,1209.0,648.0,7.42611020348e-05
None0,1209.0,649.0,3.71305510174e-05
None0,1209.0,651.0,0.000111391653052
None0,1209.0,652.0,0.000111391653052
None0,1209.0,653.0,3.71305510174e-05
None0,1209.0,654.0,3.71305510174e-05
None0,1209.0,655.0,0.000111391653052
None0,1209.0,658.0,7.42611020348e-05
None0,1209.0,659.0,3.71305510174e-05
None0,1209.0,660.0,7.42611020348e-05
None0,1209.0,663.0,7.42611020348e-05
None0,1209.0,665.0,0.000222783306104
None0,1209.0,666.0,3.71305510174e-05
None0,1209.0,667.0,7.42611020348e-05
None0,1209.0,669.0,0.000631219367295
None0,1209.0,670.0,3.71305510174e-05
None0,1209.0,673.0,0.000222783306104
None0,1209.0,675.0,0.000185652755087
None0,1209.0,676.0,0.000334174959156
None0,1209.0,679.0,3.71305510174e-05
None0,1209.0,680.0,0.000111391653052
None0,1209.0,681.0,0.000259913857122
None0,1209.0,683.0,0.00014852220407
None0,1209.0,691.0,0.000185652755087
None0,1209.0,694.0,7.42611020348e-05
None0,1209.0,696.0,7.42611020348e-05
None0,1209.0,699.0,3.71305510174e-05
None0,1209.0,700.0,7.42611020348e-05
None0,1209.0,702.0,0.000111391653052
None0,1209.0,704.0,0.00122530818357
None0,1209.0,706.0,7.42611020348e-05
None0,1209.0,707.0,7.42611020348e-05
None0,1209.0,710.0,3.71305510174e-05
None0,1209.0,713.0,3.71305510174e-05
None0,1209.0,714.0,7.42611020348e-05
None0,1209.0,716.0,7.42611020348e-05
None0,1209.0,717.0,0.00471557997921
None0,1209.0,721.0,3.71305510174e-05
None0,1209.0,723.0,0.000185652755087
None0,1209.0,728.0,0.000111391653052
None0,1209.0,729.0,0.000185652755087
None0,1209.0,733.0,0.00014852220407
None0,1209.0,734.0,7.42611020348e-05
None0,1209.0,738.0,3.71305510174e-05
None0,1209.0,740.0,3.71305510174e-05
None0,1209.0,741.0,3.71305510174e-05
None0,1209.0,742.0,7.42611020348e-05
None0,1209.0,743.0,0.0198648447943
None0,1209.0,744.0,7.42611020348e-05
None0,1209.0,745.0,3.71305510174e-05
None0,1209.0,747.0,0.00196791920392
None0,1209.0,750.0,7.42611020348e-05
None0,1209.0,751.0,0.000259913857122
None0,1209.0,753.0,3.71305510174e-05
None0,1209.0,754.0,3.71305510174e-05
None0,1209.0,755.0,3.71305510174e-05
None0,1209.0,756.0,3.71305510174e-05
None0,1209.0,759.0,3.71305510174e-05
None0,1209.0,760.0,7.42611020348e-05
None0,1209.0,761.0,0.000371305510174
None0,1209.0,762.0,3.71305510174e-05
None0,1209.0,766.0,7.42611020348e-05
None0,1209.0,767.0,0.000185652755087
None0,1209.0,768.0,0.00185652755087
None0,1209.0,771.0,7.42611020348e-05
None0,1209.0,772.0,0.000482697163226
None0,1209.0,773.0,0.000222783306104
None0,1209.0,774.0,0.00579236595871
None0,1209.0,775.0,7.42611020348e-05
None0,1209.0,777.0,0.000185652755087
None0,1209.0,780.0,3.71305510174e-05
None0,1209.0,781.0,7.42611020348e-05
None0,1209.0,783.0,0.000111391653052
None0,1209.0,784.0,7.42611020348e-05
None0,1209.0,785.0,0.00070548046933
None0,1209.0,786.0,3.71305510174e-05
None0,1209.0,788.0,3.71305510174e-05
None0,1209.0,789.0,3.71305510174e-05
None0,1209.0,792.0,7.42611020348e-05
None0,1209.0,795.0,7.42611020348e-05
None0,1209.0,798.0,7.42611020348e-05
None0,1209.0,799.0,3.71305510174e-05
None0,1209.0,800.0,0.000111391653052
None0,1209.0,802.0,7.42611020348e-05
None0,1209.0,805.0,0.000111391653052
None0,1209.0,807.0,3.71305510174e-05
None0,1209.0,810.0,0.00950542106045
None0,1209.0,814.0,3.71305510174e-05
None0,1209.0,815.0,3.71305510174e-05
None0,1209.0,816.0,0.000111391653052
None0,1209.0,817.0,0.000185652755087
None0,1209.0,818.0,3.71305510174e-05
None0,1209.0,820.0,3.71305510174e-05
None0,1209.0,822.0,0.000297044408139
None0,1209.0,823.0,3.71305510174e-05
None0,1209.0,824.0,3.71305510174e-05
None0,1209.0,827.0,3.71305510174e-05
None0,1209.0,830.0,0.000334174959156
None0,1209.0,834.0,3.71305510174e-05
None0,1209.0,835.0,7.42611020348e-05
None0,1209.0,836.0,0.00163374424476
None0,1209.0,837.0,3.71305510174e-05
None0,1209.0,839.0,0.000259913857122
None0,1209.0,841.0,3.71305510174e-05
None0,1209.0,844.0,0.000111391653052
None0,1209.0,845.0,3.71305510174e-05
None0,1209.0,847.0,0.000222783306104
None0,1209.0,848.0,0.000334174959156
None0,1209.0,849.0,3.71305510174e-05
None0,1209.0,850.0,7.42611020348e-05
None0,1209.0,853.0,0.00014852220407
None0,1209.0,854.0,3.71305510174e-05
None0,1209.0,857.0,0.00014852220407
None0,1209.0,861.0,0.00014852220407
None0,1209.0,862.0,0.000111391653052
None0,1209.0,863.0,7.42611020348e-05
None0,1209.0,864.0,3.71305510174e-05
None0,1209.0,865.0,0.00111391653052
None0,1209.0,867.0,3.71305510174e-05
None0,1209.0,868.0,0.000371305510174
None0,1209.0,870.0,7.42611020348e-05
None0,1209.0,872.0,3.71305510174e-05
None0,1209.0,874.0,0.000185652755087
None0,1209.0,876.0,0.000111391653052
None0,1209.0,877.0,7.42611020348e-05
None0,1209.0,879.0,7.42611020348e-05
None0,1209.0,882.0,0.00215357195901
None0,1209.0,883.0,3.71305510174e-05
None0,1209.0,885.0,0.000111391653052
None0,1209.0,886.0,3.71305510174e-05
None0,1209.0,887.0,0.00014852220407
None0,1209.0,888.0,3.71305510174e-05
None0,1209.0,889.0,3.71305510174e-05
None0,1209.0,890.0,3.71305510174e-05
None0,1209.0,892.0,7.42611020348e-05
None0,1209.0,893.0,7.42611020348e-05
None0,1209.0,896.0,0.00014852220407
None0,1209.0,897.0,0.000185652755087
None0,1209.0,898.0,3.71305510174e-05
None0,1209.0,901.0,3.71305510174e-05
None0,1209.0,902.0,3.71305510174e-05
None0,1209.0,903.0,3.71305510174e-05
None0,1209.0,908.0,0.00137383038764
None0,1209.0,910.0,7.42611020348e-05
None0,1209.0,911.0,7.42611020348e-05
None0,1209.0,916.0,0.000185652755087
None0,1209.0,918.0,3.71305510174e-05
None0,1209.0,922.0,3.71305510174e-05
None0,1209.0,927.0,3.71305510174e-05
None0,1209.0,929.0,0.00178226644883
None0,1209.0,933.0,3.71305510174e-05
None0,1209.0,937.0,3.71305510174e-05
None0,1209.0,940.0,7.42611020348e-05
None0,1209.0,946.0,3.71305510174e-05
None0,1209.0,948.0,7.42611020348e-05
None0,1209.0,950.0,7.42611020348e-05
None0,1209.0,953.0,3.71305510174e-05
None0,1209.0,954.0,0.00111391653052
None0,1209.0,955.0,0.00271053022427
None0,1209.0,958.0,0.000185652755087
None0,1209.0,960.0,7.42611020348e-05
None0,1209.0,963.0,3.71305510174e-05
None0,1209.0,964.0,0.000445566612209
None0,1209.0,967.0,3.71305510174e-05
None0,1209.0,971.0,3.71305510174e-05
None0,1209.0,972.0,0.000742611020348
None0,1209.0,975.0,3.71305510174e-05
None0,1209.0,976.0,7.42611020348e-05
None0,1209.0,977.0,3.71305510174e-05
None0,1209.0,978.0,0.000111391653052
None0,1209.0,979.0,0.000222783306104
None0,1209.0,980.0,0.000482697163226
None0,1209.0,981.0,0.00014852220407
None0,1209.0,982.0,3.71305510174e-05
None0,1209.0,984.0,0.000222783306104
None0,1209.0,986.0,3.71305510174e-05
None0,1209.0,987.0,3.71305510174e-05
None0,1209.0,989.0,0.000779741571365
None0,1209.0,990.0,0.000556958265261
None0,1209.0,992.0,0.00014852220407
None0,1209.0,993.0,0.000111391653052
None0,1209.0,994.0,3.71305510174e-05
None0,1209.0,997.0,3.71305510174e-05
None0,1209.0,999.0,0.000259913857122
None0,1209.0,1001.0,0.000371305510174
None0,1209.0,1003.0,0.000259913857122
None0,1209.0,1007.0,7.42611020348e-05
None0,1209.0,1009.0,0.000259913857122
None0,1209.0,1010.0,7.42611020348e-05
None0,1209.0,1011.0,3.71305510174e-05
None0,1209.0,1012.0,3.71305510174e-05
None0,1209.0,1013.0,7.42611020348e-05
None0,1209.0,1014.0,0.000111391653052
None0,1209.0,1015.0,0.0207559780187
None0,1209.0,1018.0,7.42611020348e-05
None0,1209.0,1020.0,0.000111391653052
None0,1209.0,1021.0,3.71305510174e-05
None0,1209.0,1024.0,3.71305510174e-05
None0,1209.0,1025.0,7.42611020348e-05
None0,1209.0,1026.0,0.000111391653052
None0,1209.0,1030.0,3.71305510174e-05
None0,1209.0,1031.0,7.42611020348e-05
None0,1209.0,1034.0,3.71305510174e-05
None0,1209.0,1042.0,3.71305510174e-05
None0,1209.0,1043.0,0.00163374424476
None0,1209.0,1046.0,3.71305510174e-05
None0,1209.0,1047.0,3.71305510174e-05
None0,1209.0,1050.0,0.000111391653052
None0,1209.0,1051.0,7.42611020348e-05
None0,1209.0,1052.0,0.000519827714243
None0,1209.0,1053.0,0.00014852220407
None0,1209.0,1054.0,0.000779741571365
None0,1209.0,1056.0,3.71305510174e-05
None0,1209.0,1058.0,3.71305510174e-05
None0,1209.0,1059.0,3.71305510174e-05
None0,1209.0,1060.0,3.71305510174e-05
None0,1209.0,1062.0,3.71305510174e-05
None0,1209.0,1065.0,7.42611020348e-05
None0,1209.0,1066.0,0.000259913857122
None0,1209.0,1068.0,7.42611020348e-05
None0,1209.0,1071.0,3.71305510174e-05
None0,1209.0,1072.0,0.000408436061191
None0,1209.0,1077.0,3.71305510174e-05
None0,1209.0,1078.0,0.000222783306104
None0,1209.0,1079.0,3.71305510174e-05
None0,1209.0,1081.0,7.42611020348e-05
None0,1209.0,1084.0,0.000111391653052
None0,1209.0,1086.0,0.000334174959156
None0,1209.0,1087.0,3.71305510174e-05
None0,1209.0,1088.0,0.00014852220407
None0,1209.0,1089.0,7.42611020348e-05
None0,1209.0,1090.0,0.000111391653052
None0,1209.0,1092.0,3.71305510174e-05
None0,1209.0,1093.0,0.000111391653052
None0,1209.0,1094.0,7.42611020348e-05
None0,1209.0,1095.0,3.71305510174e-05
None0,1209.0,1096.0,3.71305510174e-05
None0,1209.0,1098.0,3.71305510174e-05
None0,1209.0,1099.0,0.000111391653052
None0,1209.0,1100.0,3.71305510174e-05
None0,1209.0,1104.0,7.42611020348e-05
None0,1209.0,1106.0,0.000111391653052
None0,1209.0,1110.0,0.00014852220407
None0,1209.0,1114.0,0.000519827714243
None0,1209.0,1116.0,0.000408436061191
None0,1209.0,1117.0,3.71305510174e-05
None0,1209.0,1121.0,7.42611020348e-05
None0,1209.0,1124.0,0.000445566612209
None0,1209.0,1125.0,0.000111391653052
None0,1209.0,1128.0,7.42611020348e-05
None0,1209.0,1132.0,0.000222783306104
None0,1209.0,1135.0,0.000371305510174
None0,1209.0,1136.0,3.71305510174e-05
None0,1209.0,1137.0,0.0203846725085
None0,1209.0,1139.0,3.71305510174e-05
None0,1209.0,1140.0,0.00014852220407
None0,1209.0,1143.0,0.000111391653052
None0,1209.0,1144.0,0.000556958265261
None0,1209.0,1149.0,3.71305510174e-05
None0,1209.0,1150.0,3.71305510174e-05
None0,1209.0,1152.0,7.42611020348e-05
None0,1209.0,1155.0,3.71305510174e-05
None0,1209.0,1156.0,3.71305510174e-05
None0,1209.0,1157.0,0.000111391653052
None0,1209.0,1158.0,7.42611020348e-05
None0,1209.0,1160.0,0.00014852220407
None0,1209.0,1162.0,0.000891133224417
None0,1209.0,1163.0,0.00014852220407
None0,1209.0,1164.0,7.42611020348e-05
None0,1209.0,1166.0,3.71305510174e-05
None0,1209.0,1167.0,3.71305510174e-05
None0,1209.0,1169.0,3.71305510174e-05
None0,1209.0,1170.0,0.000111391653052
None0,1209.0,1172.0,0.000482697163226
None0,1209.0,1175.0,3.71305510174e-05
None0,1209.0,1176.0,3.71305510174e-05
None0,1209.0,1177.0,0.000668349918313
None0,1209.0,1178.0,3.71305510174e-05
None0,1209.0,1180.0,3.71305510174e-05
None0,1209.0,1181.0,0.00070548046933
None0,1209.0,1182.0,7.42611020348e-05
None0,1209.0,1187.0,3.71305510174e-05
None0,1209.0,1189.0,3.71305510174e-05
None0,1209.0,1193.0,0.00014852220407
None0,1209.0,1198.0,0.000111391653052
None0,1209.0,1200.0,3.71305510174e-05
None0,1209.0,1201.0,7.42611020348e-05
None0,1209.0,1204.0,3.71305510174e-05
None0,1209.0,1205.0,0.00185652755087
None0,1209.0,1208.0,0.000371305510174
None0,1209.0,1210.0,0.000111391653052
None0,1209.0,1213.0,0.000111391653052
None0,1209.0,1214.0,3.71305510174e-05
None0,1209.0,1215.0,3.71305510174e-05
None0,1209.0,1216.0,3.71305510174e-05
None0,1209.0,1219.0,3.71305510174e-05
None0,1209.0,1220.0,3.71305510174e-05
None0,1209.0,1221.0,7.42611020348e-05
None0,1209.0,1228.0,0.000259913857122
None0,1209.0,1229.0,7.42611020348e-05
None0,1209.0,1230.0,3.71305510174e-05
None0,1209.0,1233.0,7.42611020348e-05
None0,1209.0,1235.0,0.000445566612209
None0,1209.0,1237.0,0.000445566612209
None0,1209.0,1238.0,3.71305510174e-05
None0,1209.0,1239.0,0.000111391653052
None0,1209.0,1241.0,0.0008540026734
None0,1209.0,1242.0,0.00014852220407
None0,1209.0,1243.0,3.71305510174e-05
None0,1209.0,1244.0,3.71305510174e-05
None0,1209.0,1246.0,7.42611020348e-05
None0,1209.0,1247.0,0.000222783306104
None0,1209.0,1248.0,0.000111391653052
None0,1209.0,1250.0,7.42611020348e-05
None0,1209.0,1251.0,7.42611020348e-05
None0,1209.0,1252.0,0.000222783306104
None0,1209.0,1256.0,3.71305510174e-05
None0,1209.0,1257.0,0.00014852220407
None0,1209.0,1259.0,3.71305510174e-05
None0,1209.0,1262.0,0.000222783306104
None0,1209.0,1265.0,7.42611020348e-05
None0,1209.0,1266.0,3.71305510174e-05
None0,1209.0,1270.0,0.000408436061191
None0,1209.0,1272.0,3.71305510174e-05
None0,1209.0,1274.0,0.000594088816278
None0,1209.0,1275.0,3.71305510174e-05
None0,1209.0,1279.0,0.000185652755087
None0,1209.0,1280.0,3.71305510174e-05
None0,1209.0,1284.0,3.71305510174e-05
None0,1209.0,1287.0,7.42611020348e-05
None0,1209.0,1290.0,7.42611020348e-05
None0,1209.0,1291.0,3.71305510174e-05
None0,1209.0,1292.0,7.42611020348e-05
None0,1209.0,1293.0,0.00014852220407
None0,1209.0,1294.0,0.000222783306104
None0,1209.0,1296.0,7.42611020348e-05
None0,1209.0,1299.0,0.000222783306104
None0,1209.0,1301.0,0.000334174959156
None0,1209.0,1302.0,0.000111391653052
None0,1209.0,1308.0,3.71305510174e-05
None0,1209.0,1309.0,3.71305510174e-05
None0,1209.0,1312.0,3.71305510174e-05
None0,1209.0,1313.0,0.000111391653052
None0,1209.0,1316.0,0.000445566612209
None0,1209.0,1318.0,0.000111391653052
None0,1209.0,1320.0,7.42611020348e-05
None0,1209.0,1323.0,0.000371305510174
None0,1209.0,1324.0,3.71305510174e-05
None0,1209.0,1325.0,3.71305510174e-05
None0,1209.0,1329.0,3.71305510174e-05
None0,1209.0,1331.0,7.42611020348e-05
None0,1209.0,1332.0,0.000334174959156
None0,1209.0,1335.0,0.000111391653052
None0,1209.0,1338.0,0.000259913857122
None0,1209.0,1340.0,0.000334174959156
None0,1209.0,1341.0,0.000482697163226
None0,1209.0,1342.0,0.000928263775434
None0,1209.0,1345.0,0.000111391653052
None0,1209.0,1348.0,7.42611020348e-05
None0,1209.0,1349.0,3.71305510174e-05
None0,1209.0,1351.0,0.000111391653052
None0,1209.0,1352.0,0.000259913857122
None0,1209.0,1353.0,0.00014852220407
None0,1209.0,1354.0,0.000111391653052
None0,1209.0,1357.0,0.000222783306104
None0,1209.0,1358.0,3.71305510174e-05
None0,1209.0,1359.0,3.71305510174e-05
None0,1209.0,1363.0,3.71305510174e-05
None0,1209.0,1365.0,3.71305510174e-05
None0,1209.0,1369.0,0.000185652755087
None0,1209.0,1373.0,0.000259913857122
None0,1209.0,1377.0,0.000259913857122
None0,1209.0,1380.0,0.000111391653052
None0,1209.0,1381.0,0.00289618297936
None0,1209.0,1386.0,7.42611020348e-05
None0,1209.0,1387.0,0.000334174959156
None0,1209.0,1389.0,7.42611020348e-05
None0,1209.0,1392.0,7.42611020348e-05
None0,1209.0,1395.0,0.000111391653052
None0,1209.0,1396.0,3.71305510174e-05
None0,1209.0,1397.0,7.42611020348e-05
None0,1209.0,1400.0,3.71305510174e-05
None0,1209.0,1402.0,0.000111391653052
None0,1209.0,1405.0,3.71305510174e-05
None0,1209.0,1406.0,3.71305510174e-05
None0,1209.0,1408.0,0.000111391653052
None0,1209.0,1410.0,3.71305510174e-05
None0,1209.0,1412.0,0.0036387939997
None0,1209.0,1413.0,0.000111391653052
None0,1209.0,1419.0,7.42611020348e-05
None0,1209.0,1420.0,3.71305510174e-05
None0,1209.0,1422.0,0.000222783306104
None0,1209.0,1423.0,0.000222783306104
None0,1209.0,1425.0,0.000185652755087
None0,1209.0,1426.0,3.71305510174e-05
None0,1209.0,1429.0,0.000334174959156
None0,1209.0,1430.0,0.0008540026734
None0,1209.0,1431.0,0.00014852220407
None0,1209.0,1434.0,3.71305510174e-05
None0,1209.0,1437.0,7.42611020348e-05
None0,1209.0,1438.0,3.71305510174e-05
None0,1209.0,1440.0,3.71305510174e-05
None0,1209.0,1444.0,0.000222783306104
None0,1209.0,1445.0,7.42611020348e-05
None0,1209.0,1449.0,3.71305510174e-05
None0,1209.0,1450.0,3.71305510174e-05
None0,1209.0,1455.0,0.000111391653052
None0,1209.0,1456.0,3.71305510174e-05
None0,1209.0,1457.0,0.000111391653052
None0,1209.0,1458.0,3.71305510174e-05
None0,1209.0,1459.0,7.42611020348e-05
None0,1209.0,1462.0,0.000334174959156
None0,1209.0,1464.0,3.71305510174e-05
None0,1209.0,1465.0,0.000111391653052
None0,1209.0,1466.0,3.71305510174e-05
None0,1209.0,1469.0,7.42611020348e-05
None0,1209.0,1470.0,3.71305510174e-05
None0,1209.0,1472.0,3.71305510174e-05
None0,1209.0,1477.0,7.42611020348e-05
None0,1209.0,1478.0,0.000111391653052
None0,1209.0,1479.0,7.42611020348e-05
None0,1209.0,1481.0,0.00014852220407
None0,1209.0,1483.0,7.42611020348e-05
None0,1209.0,1486.0,3.71305510174e-05
None0,1209.0,1488.0,0.000185652755087
None0,1209.0,1489.0,0.000111391653052
None0,1209.0,1490.0,3.71305510174e-05
None0,1209.0,1492.0,3.71305510174e-05
None0,1209.0,1494.0,3.71305510174e-05
None0,1209.0,1495.0,0.000185652755087
None0,1209.0,1497.0,3.71305510174e-05
None0,1209.0,1498.0,0.000185652755087
None0,1209.0,1503.0,3.71305510174e-05
None0,1209.0,1505.0,3.71305510174e-05
None0,1209.0,1506.0,7.42611020348e-05
None0,1209.0,1507.0,0.000371305510174
None0,1209.0,1509.0,0.000185652755087
None0,1209.0,1511.0,0.000482697163226
None0,1209.0,1512.0,0.000556958265261
None0,1209.0,1513.0,7.42611020348e-05
None0,1209.0,1514.0,0.000371305510174
None0,1209.0,1516.0,3.71305510174e-05
None0,1209.0,1517.0,7.42611020348e-05
None0,1209.0,1519.0,3.71305510174e-05
None0,1209.0,1520.0,7.42611020348e-05
None0,1209.0,1522.0,0.000259913857122
None0,1209.0,1524.0,3.71305510174e-05
None0,1209.0,1525.0,0.000259913857122
None0,1209.0,1526.0,0.000111391653052
None0,1209.0,1528.0,3.71305510174e-05
None0,1209.0,1529.0,0.00014852220407
None0,1209.0,1534.0,3.71305510174e-05
None0,1209.0,1538.0,0.00360166344869
None0,1209.0,1541.0,0.000668349918313
None0,1209.0,1543.0,0.000111391653052
None0,1209.0,1544.0,7.42611020348e-05
None0,1209.0,1545.0,7.42611020348e-05
None0,1209.0,1550.0,0.00014852220407
None0,1209.0,1551.0,0.000445566612209
None0,1209.0,1553.0,3.71305510174e-05
None0,1209.0,1555.0,7.42611020348e-05
None0,1209.0,1562.0,3.71305510174e-05
None0,1209.0,1563.0,0.0053467993465
None0,1209.0,1566.0,0.000668349918313
None0,1209.0,1569.0,7.42611020348e-05
None0,1209.0,1570.0,0.00014852220407
None0,1209.0,1571.0,3.71305510174e-05
None0,1209.0,1573.0,0.000259913857122
None0,1209.0,1576.0,3.71305510174e-05
None0,1209.0,1579.0,7.42611020348e-05
None0,1209.0,1580.0,0.000259913857122
None0,1209.0,1581.0,0.000222783306104
None0,1209.0,1584.0,3.71305510174e-05
None0,1209.0,1586.0,0.000334174959156
None0,1209.0,1588.0,0.000259913857122
None0,1209.0,1593.0,0.00207931085697
None0,1209.0,1595.0,3.71305510174e-05
None0,1209.0,1597.0,0.000779741571365
None0,1209.0,1599.0,0.000371305510174
None0,1209.0,1600.0,3.71305510174e-05
None0,1209.0,1602.0,7.42611020348e-05
None0,1209.0,1604.0,0.000111391653052
None0,1209.0,1606.0,3.71305510174e-05
None0,1209.0,1608.0,3.71305510174e-05
None0,1209.0,1609.0,3.71305510174e-05
None0,1209.0,1612.0,0.0186766671617
None0,1209.0,1613.0,7.42611020348e-05
None0,1209.0,1614.0,3.71305510174e-05
None0,1209.0,1615.0,7.42611020348e-05
None0,1209.0,1616.0,0.00014852220407
None0,1209.0,1618.0,0.000259913857122
None0,1209.0,1620.0,3.71305510174e-05
None0,1209.0,1621.0,0.000259913857122
None0,1209.0,1624.0,0.00014852220407
None0,1209.0,1625.0,3.71305510174e-05
None0,1209.0,1626.0,3.71305510174e-05
None0,1209.0,1627.0,0.00103965542849
None0,1209.0,1628.0,0.000111391653052
None0,1209.0,1633.0,3.71305510174e-05
None0,1209.0,1634.0,0.000185652755087
None0,1209.0,1639.0,0.000185652755087
None0,1209.0,1640.0,0.000371305510174
None0,1209.0,1642.0,0.00334174959156
None0,1209.0,1644.0,0.000111391653052
None0,1209.0,1648.0,3.71305510174e-05
None0,1209.0,1651.0,3.71305510174e-05
None0,1209.0,1653.0,7.42611020348e-05
None0,1209.0,1655.0,7.42611020348e-05
None0,1209.0,1656.0,3.71305510174e-05
None0,1209.0,1657.0,7.42611020348e-05
None0,1209.0,1660.0,3.71305510174e-05
None0,1209.0,1662.0,7.42611020348e-05
None0,1209.0,1667.0,3.71305510174e-05
None0,1209.0,1668.0,3.71305510174e-05
None0,1209.0,1669.0,0.000928263775434
None0,1209.0,1674.0,3.71305510174e-05
None0,1209.0,1677.0,0.00200504975494
None0,1209.0,1681.0,3.71305510174e-05
None0,1209.0,1682.0,0.000185652755087
None0,1209.0,1683.0,3.71305510174e-05
None0,1209.0,1684.0,7.42611020348e-05
None0,1209.0,1685.0,0.00014852220407
None0,1209.0,1686.0,0.00014852220407
None0,1209.0,1687.0,3.71305510174e-05
None0,1209.0,1688.0,7.42611020348e-05
None0,1209.0,1692.0,3.71305510174e-05
None0,1209.0,1693.0,3.71305510174e-05
None0,1209.0,1695.0,0.00070548046933
None0,1209.0,1701.0,3.71305510174e-05
None0,1209.0,1702.0,3.71305510174e-05
None0,1209.0,1704.0,0.000111391653052
None0,1209.0,1705.0,3.71305510174e-05
None0,1209.0,1706.0,3.71305510174e-05
None0,1209.0,1709.0,3.71305510174e-05
None0,1209.0,1710.0,0.00181939699985
None0,1209.0,1712.0,0.000185652755087
None0,1209.0,1715.0,0.000111391653052
None0,1209.0,1719.0,0.000519827714243
None0,1209.0,1723.0,3.71305510174e-05
None0,1209.0,1724.0,3.71305510174e-05
None0,1209.0,1728.0,0.000111391653052
None0,1209.0,1729.0,3.71305510174e-05
None0,1209.0,1731.0,0.000371305510174
None0,1209.0,1732.0,7.42611020348e-05
None0,1209.0,1733.0,0.000111391653052
None0,1209.0,1737.0,0.00100252487747
None0,1209.0,1742.0,0.000408436061191
None0,1209.0,1746.0,0.000111391653052
None0,1209.0,1747.0,7.42611020348e-05
None0,1209.0,1748.0,7.42611020348e-05
None0,1209.0,1749.0,0.000259913857122
None0,1209.0,1754.0,3.71305510174e-05
None0,1209.0,1755.0,0.00070548046933
None0,1209.0,1756.0,0.000185652755087
None0,1209.0,1757.0,3.71305510174e-05
None0,1209.0,1758.0,3.71305510174e-05
None0,1209.0,1759.0,0.000111391653052
None0,1209.0,1761.0,0.00014852220407
None0,1209.0,1763.0,3.71305510174e-05
None0,1209.0,1765.0,7.42611020348e-05
None0,1209.0,1766.0,7.42611020348e-05
None0,1209.0,1767.0,3.71305510174e-05
None0,1209.0,1769.0,3.71305510174e-05
None0,1209.0,1773.0,0.000111391653052
None0,1209.0,1774.0,0.000111391653052
None0,1209.0,1775.0,0.000185652755087
None0,1209.0,1776.0,3.71305510174e-05
None0,1209.0,1781.0,3.71305510174e-05
None0,1209.0,1783.0,0.000111391653052
None0,1209.0,1785.0,3.71305510174e-05
None0,1209.0,1787.0,3.71305510174e-05
None0,1209.0,1794.0,7.42611020348e-05
None0,1209.0,1796.0,0.000185652755087
None0,1209.0,1797.0,3.71305510174e-05
None0,1209.0,1799.0,3.71305510174e-05
None0,1209.0,1801.0,3.71305510174e-05
None0,1209.0,1802.0,3.71305510174e-05
None0,1209.0,1803.0,3.71305510174e-05
None0,1209.0,1805.0,0.000519827714243
None0,1209.0,1806.0,0.000111391653052
None0,1209.0,1807.0,3.71305510174e-05
None0,1209.0,1811.0,3.71305510174e-05
None0,1209.0,1813.0,0.000371305510174
None0,1209.0,1814.0,0.000891133224417
None0,1209.0,1819.0,3.71305510174e-05
None0,1209.0,1821.0,0.00014852220407
None0,1209.0,1822.0,3.71305510174e-05
None0,1209.0,1823.0,0.000482697163226
None0,1209.0,1826.0,3.71305510174e-05
None0,1209.0,1827.0,0.00014852220407
None0,1209.0,1829.0,0.000111391653052
None0,1209.0,1830.0,3.71305510174e-05
None0,1209.0,1834.0,7.42611020348e-05
None0,1209.0,1837.0,7.42611020348e-05
None0,1209.0,1840.0,3.71305510174e-05
None0,1209.0,1843.0,3.71305510174e-05
None0,1209.0,1844.0,0.000482697163226
None0,1209.0,1846.0,0.00014852220407
None0,1209.0,1847.0,0.000222783306104
None0,1209.0,1849.0,3.71305510174e-05
None0,1209.0,1851.0,0.000297044408139
None0,1209.0,1853.0,3.71305510174e-05
None0,1209.0,1857.0,0.000482697163226
None0,1209.0,1858.0,3.71305510174e-05
None0,1209.0,1859.0,0.00014852220407
None0,1209.0,1860.0,3.71305510174e-05
None0,1209.0,1861.0,0.000111391653052
None0,1209.0,1868.0,0.000668349918313
None0,1209.0,1869.0,3.71305510174e-05
None0,1209.0,1870.0,3.71305510174e-05
None0,1209.0,1871.0,0.00014852220407
None0,1209.0,1874.0,3.71305510174e-05
None0,1209.0,1877.0,0.00014852220407
None0,1209.0,1878.0,0.0134041289173
None0,1209.0,1881.0,3.71305510174e-05
None0,1209.0,1882.0,0.000111391653052
None0,1209.0,1883.0,7.42611020348e-05
None0,1209.0,1888.0,7.42611020348e-05
None0,1209.0,1889.0,3.71305510174e-05
None0,1209.0,1893.0,0.00014852220407
None0,1209.0,1895.0,0.000297044408139
None0,1209.0,1896.0,3.71305510174e-05
None0,1209.0,1897.0,0.000185652755087
None0,1209.0,1899.0,0.00014852220407
None0,1209.0,1901.0,7.42611020348e-05
None0,1209.0,1904.0,0.000297044408139
None0,1209.0,1905.0,3.71305510174e-05
None0,1209.0,1906.0,3.71305510174e-05
None0,1209.0,1907.0,0.000445566612209
None0,1209.0,1908.0,0.000259913857122
None0,1209.0,1909.0,3.71305510174e-05
None0,1209.0,1911.0,0.000111391653052
None0,1209.0,1913.0,0.000222783306104
None0,1209.0,1914.0,0.00014852220407
None0,1209.0,1915.0,0.000185652755087
None0,1209.0,1922.0,0.00014852220407
None0,1209.0,1923.0,3.71305510174e-05
None0,1209.0,1924.0,3.71305510174e-05
None0,1209.0,1925.0,3.71305510174e-05
None0,1209.0,1926.0,3.71305510174e-05
None0,1209.0,1927.0,0.00014852220407
None0,1209.0,1928.0,3.71305510174e-05
None0,1209.0,1932.0,3.71305510174e-05
None0,1209.0,1934.0,7.42611020348e-05
None0,1209.0,1935.0,3.71305510174e-05
None0,1209.0,1936.0,3.71305510174e-05
None0,1209.0,1942.0,0.000185652755087
None0,1209.0,1943.0,0.000111391653052
None0,1209.0,1944.0,0.000334174959156
None0,1209.0,1947.0,0.000111391653052
None0,1209.0,1948.0,0.000259913857122
None0,1209.0,1950.0,0.000111391653052
None0,1209.0,1953.0,0.000111391653052
None0,1209.0,1959.0,0.000185652755087
None0,1209.0,1960.0,0.00111391653052
None0,1209.0,1962.0,3.71305510174e-05
None0,1209.0,1963.0,0.00137383038764
None0,1209.0,1964.0,7.42611020348e-05
None0,1209.0,1965.0,0.000371305510174
None0,1209.0,1970.0,0.000111391653052
None0,1209.0,1971.0,3.71305510174e-05
None0,1209.0,1975.0,3.71305510174e-05
None0,1209.0,1977.0,0.000111391653052
None0,1209.0,1981.0,0.000111391653052
None0,1209.0,1991.0,0.00014852220407
None0,1209.0,1992.0,0.000408436061191
None0,1209.0,1993.0,7.42611020348e-05
None0,1209.0,1994.0,3.71305510174e-05
None