0,740.0,0.0,0.001083717
None0,740.0,1.0,0.001896505
None0,740.0,2.0,0.003522081
None0,740.0,3.0,0.002167434
None0,740.0,4.0,0.001896505
None0,740.0,5.0,0.001083717
None0,740.0,6.0,0.000541859
None0,740.0,8.0,0.000812788
None0,740.0,9.0,0.000270929
None0,740.0,10.0,0.005418586
None0,740.0,11.0,0.000270929
None0,740.0,12.0,0.002438364
None0,740.0,13.0,0.007315091
None0,740.0,15.0,0.000270929
None0,740.0,16.0,0.000541859
None0,740.0,17.0,0.002980222
None0,740.0,21.0,0.000270929
None0,740.0,23.0,0.000270929
None0,740.0,24.0,0.009211596
None0,740.0,25.0,0.000270929
None0,740.0,26.0,0.000541859
None0,740.0,27.0,0.018423192
None0,740.0,28.0,0.00379301
None0,740.0,29.0,0.003251151
None0,740.0,30.0,0.001625576
None0,740.0,31.0,0.003251151
None0,740.0,32.0,0.000270929
None0,740.0,33.0,0.004605798
None0,740.0,34.0,0.000270929
None0,740.0,35.0,0.000270929
None0,740.0,36.0,0.000270929
None0,740.0,37.0,0.000541859
None0,740.0,38.0,0.028989434
None0,740.0,39.0,0.000812788
None0,740.0,43.0,0.000270929
None0,740.0,45.0,0.000270929
None0,740.0,46.0,0.000270929
None0,740.0,47.0,0.000812788
None0,740.0,48.0,0.000541859
None0,740.0,49.0,0.002709293
None0,740.0,50.0,0.000270929
None0,740.0,52.0,0.000270929
None0,740.0,56.0,0.000270929
None0,740.0,57.0,0.000270929
None0,740.0,58.0,0.000541859
None0,740.0,63.0,0.000270929
None0,740.0,67.0,0.000541859
None0,740.0,68.0,0.000270929
None0,740.0,69.0,0.002709293
None0,740.0,70.0,0.001083717
None0,740.0,71.0,0.000812788
None0,740.0,72.0,0.006773232
None0,740.0,73.0,0.000812788
None0,740.0,74.0,0.001896505
None0,740.0,75.0,0.001354646
None0,740.0,76.0,0.002709293
None0,740.0,77.0,0.008940666
None0,740.0,79.0,0.000270929
None0,740.0,80.0,0.000270929
None0,740.0,81.0,0.000270929
None0,740.0,82.0,0.011649959
None0,740.0,83.0,0.002167434
None0,740.0,84.0,0.003251151
None0,740.0,85.0,0.002438364
None0,740.0,87.0,0.000270929
None0,740.0,88.0,0.000812788
None0,740.0,89.0,0.002438364
None0,740.0,91.0,0.020048767
None0,740.0,92.0,0.000270929
None0,740.0,93.0,0.000812788
None0,740.0,95.0,0.000270929
None0,740.0,105.0,0.000270929
None0,740.0,106.0,0.000270929
None0,740.0,107.0,0.000270929
None0,740.0,125.0,0.000270929
None0,740.0,128.0,0.001083717
None0,740.0,164.0,0.000270929
None0,740.0,168.0,0.000812788
None0,740.0,169.0,0.001625576
None0,740.0,171.0,0.000270929
None0,740.0,172.0,0.000270929
None0,740.0,174.0,0.000270929
None0,740.0,176.0,0.000541859
None0,740.0,177.0,0.004063939
None0,740.0,178.0,0.005418586
None0,740.0,180.0,0.000812788
None0,740.0,185.0,0.000541859
None0,740.0,186.0,0.002167434
None0,740.0,187.0,0.001354646
None0,740.0,188.0,0.000541859
None0,740.0,189.0,0.009482525
None0,740.0,191.0,0.003522081
None0,740.0,192.0,0.000270929
None0,740.0,193.0,0.002167434
None0,740.0,194.0,0.002167434
None0,740.0,195.0,0.002980222
None0,740.0,198.0,0.008940666
None0,740.0,201.0,0.000541859
None0,740.0,202.0,0.000270929
None0,740.0,210.0,0.000270929
None0,740.0,212.0,0.000270929
None0,740.0,227.0,0.001625576
None0,740.0,228.0,0.002980222
None0,740.0,229.0,0.001625576
None0,740.0,230.0,0.002709293
None0,740.0,231.0,0.000270929
None0,740.0,233.0,0.000270929
None0,740.0,238.0,0.002438364
None0,740.0,239.0,0.000812788
None0,740.0,241.0,0.000541859
None0,740.0,243.0,0.002709293
None0,740.0,244.0,0.001354646
None0,740.0,245.0,0.000812788
None0,740.0,246.0,0.000270929
None0,740.0,247.0,0.003251151
None0,740.0,248.0,0.001083717
None0,740.0,249.0,0.002438364
None0,740.0,250.0,0.000541859
None0,740.0,251.0,0.002980222
None0,740.0,252.0,0.004063939
None0,740.0,253.0,0.000270929
None0,740.0,255.0,0.000541859
None0,740.0,257.0,0.001083717
None0,740.0,258.0,0.000270929
None0,740.0,260.0,0.000812788
None0,740.0,261.0,0.004063939
None0,740.0,262.0,0.001083717
None0,740.0,266.0,0.004063939
None0,740.0,267.0,0.000541859
None0,740.0,269.0,0.000270929
None0,740.0,270.0,0.002167434
None0,740.0,271.0,0.000812788
None0,740.0,276.0,0.002709293
None0,740.0,278.0,0.000270929
None0,740.0,282.0,0.001625576
None0,740.0,285.0,0.000270929
None0,740.0,286.0,0.004605798
None0,740.0,287.0,0.000270929
None0,740.0,288.0,0.000812788
None0,740.0,291.0,0.002980222
None0,740.0,297.0,0.000270929
None0,740.0,298.0,0.000270929
None0,740.0,301.0,0.003522081
None0,740.0,302.0,0.001354646
None0,740.0,304.0,0.003522081
None0,740.0,305.0,0.000541859
None0,740.0,309.0,0.000812788
None0,740.0,310.0,0.001896505
None0,740.0,313.0,0.002167434
None0,740.0,315.0,0.001896505
None0,740.0,319.0,0.004876727
None0,740.0,320.0,0.000541859
None0,740.0,323.0,0.000541859
None0,740.0,324.0,0.000270929
None0,740.0,325.0,0.000812788
None0,740.0,332.0,0.000812788
None0,740.0,333.0,0.000270929
None0,740.0,338.0,0.000812788
None0,740.0,340.0,0.000812788
None0,740.0,346.0,0.000541859
None0,740.0,353.0,0.000541859
None0,740.0,356.0,0.000541859
None0,740.0,364.0,0.009482525
None0,740.0,365.0,0.001896505
None0,740.0,367.0,0.000270929
None0,740.0,369.0,0.008940666
None0,740.0,370.0,0.007044161
None0,740.0,371.0,0.006231374
None0,740.0,372.0,0.000812788
None0,740.0,378.0,0.003251151
None0,740.0,379.0,0.000812788
None0,740.0,382.0,0.005689515
None0,740.0,383.0,0.010837171
None0,740.0,386.0,0.000270929
None0,740.0,387.0,0.000812788
None0,740.0,388.0,0.001354646
None0,740.0,389.0,0.000812788
None0,740.0,390.0,0.000270929
None0,740.0,391.0,0.001354646
None0,740.0,393.0,0.000270929
None0,740.0,394.0,0.005418586
None0,740.0,395.0,0.000270929
None0,740.0,396.0,0.000812788
None0,740.0,398.0,0.017610404
None0,740.0,399.0,0.001896505
None0,740.0,400.0,0.000270929
None0,740.0,401.0,0.001354646
None0,740.0,403.0,0.001083717
None0,740.0,405.0,0.000812788
None0,740.0,408.0,0.000270929
None0,740.0,409.0,0.003522081
None0,740.0,410.0,0.001625576
None0,740.0,411.0,0.001354646
None0,740.0,412.0,0.000541859
None0,740.0,413.0,0.001083717
None0,740.0,415.0,0.000812788
None0,740.0,416.0,0.000541859
None0,740.0,417.0,0.002167434
None0,740.0,419.0,0.002709293
None0,740.0,420.0,0.002709293
None0,740.0,424.0,0.000270929
None0,740.0,425.0,0.000270929
None0,740.0,426.0,0.000541859
None0,740.0,427.0,0.000270929
None0,740.0,429.0,0.000270929
None0,740.0,432.0,0.002167434
None0,740.0,439.0,0.002709293
None0,740.0,442.0,0.001083717
None0,740.0,446.0,0.000541859
None0,740.0,447.0,0.000812788
None0,740.0,450.0,0.014088323
None0,740.0,453.0,0.000541859
None0,740.0,454.0,0.005418586
None0,740.0,457.0,0.002438364
None0,740.0,458.0,0.000270929
None0,740.0,460.0,0.001896505
None0,740.0,461.0,0.000270929
None0,740.0,462.0,0.00379301
None0,740.0,465.0,0.001083717
None0,740.0,467.0,0.001896505
None0,740.0,468.0,0.000270929
None0,740.0,469.0,0.001625576
None0,740.0,472.0,0.002709293
None0,740.0,473.0,0.001083717
None0,740.0,474.0,0.000270929
None0,740.0,478.0,0.007044161
None0,740.0,481.0,0.004334869
None0,740.0,482.0,0.000812788
None0,740.0,483.0,0.001354646
None0,740.0,484.0,0.000270929
None0,740.0,486.0,0.000270929
None0,740.0,488.0,0.001896505
None0,740.0,489.0,0.000270929
None0,740.0,490.0,0.006231374
None0,740.0,495.0,0.002709293
None0,740.0,501.0,0.000270929
None0,740.0,502.0,0.000812788
None0,740.0,504.0,0.000270929
None0,740.0,505.0,0.008127879
None0,740.0,506.0,0.002438364
None0,740.0,509.0,0.000541859
None0,740.0,512.0,0.000541859
None0,740.0,515.0,0.015442969
None0,740.0,516.0,0.000541859
None0,740.0,517.0,0.000270929
None0,740.0,519.0,0.000541859
None0,740.0,520.0,0.000270929
None0,740.0,523.0,0.000541859
None0,740.0,526.0,0.001354646
None0,740.0,528.0,0.004605798
None0,740.0,529.0,0.000270929
None0,740.0,531.0,0.002980222
None0,740.0,533.0,0.007856949
None0,740.0,535.0,0.000270929
None0,740.0,538.0,0.002167434
None0,740.0,539.0,0.000270929
None0,740.0,545.0,0.00758602
None0,740.0,546.0,0.000812788
None0,740.0,552.0,0.000812788
None0,740.0,553.0,0.005147656
None0,740.0,554.0,0.000812788
None0,740.0,555.0,0.000270929
None0,740.0,556.0,0.000270929
None0,740.0,557.0,0.003522081
None0,740.0,564.0,0.001083717
None0,740.0,567.0,0.001625576
None0,740.0,568.0,0.000541859
None0,740.0,569.0,0.001083717
None0,740.0,572.0,0.000270929
None0,740.0,574.0,0.000270929
None0,740.0,575.0,0.001083717
None0,740.0,576.0,0.001896505
None0,740.0,577.0,0.001625576
None0,740.0,578.0,0.000270929
None0,740.0,580.0,0.001083717
None0,740.0,581.0,0.000270929
None0,740.0,582.0,0.001625576
None0,740.0,583.0,0.000270929
None0,740.0,585.0,0.000270929
None0,740.0,586.0,0.000270929
None0,740.0,587.0,0.001625576
None0,740.0,589.0,0.001083717
None0,740.0,596.0,0.000541859
None0,740.0,597.0,0.000270929
None0,740.0,598.0,0.000270929
None0,740.0,601.0,0.000812788
None0,740.0,602.0,0.000541859
None0,740.0,604.0,0.000541859
None0,740.0,606.0,0.004063939
None0,740.0,610.0,0.000270929
None0,740.0,613.0,0.006502303
None0,740.0,614.0,0.000270929
None0,740.0,616.0,0.002438364
None0,740.0,617.0,0.000541859
None0,740.0,620.0,0.000270929
None0,740.0,623.0,0.000270929
None0,740.0,629.0,0.001083717
None0,740.0,631.0,0.000541859
None0,740.0,632.0,0.000541859
None0,740.0,635.0,0.000270929
None0,740.0,636.0,0.000270929
None0,740.0,637.0,0.001083717
None0,740.0,638.0,0.001896505
None0,740.0,640.0,0.000812788
None0,740.0,641.0,0.000541859
None0,740.0,644.0,0.000270929
None0,740.0,645.0,0.002709293
None0,740.0,648.0,0.001625576
None0,740.0,649.0,0.000270929
None0,740.0,653.0,0.000270929
None0,740.0,654.0,0.000270929
None0,740.0,655.0,0.000270929
None0,740.0,657.0,0.001083717
None0,740.0,659.0,0.008669737
None0,740.0,663.0,0.000270929
None0,740.0,664.0,0.000541859
None0,740.0,665.0,0.000812788
None0,740.0,668.0,0.000270929
None0,740.0,669.0,0.001896505
None0,740.0,670.0,0.000541859
None0,740.0,672.0,0.000812788
None0,740.0,673.0,0.000541859
None0,740.0,675.0,0.000812788
None0,740.0,676.0,0.000270929
None0,740.0,677.0,0.000541859
None0,740.0,681.0,0.000541859
None0,740.0,683.0,0.000541859
None0,740.0,689.0,0.001083717
None0,740.0,691.0,0.000270929
None0,740.0,694.0,0.000812788
None0,740.0,695.0,0.001083717
None0,740.0,696.0,0.000541859
None0,740.0,698.0,0.001083717
None0,740.0,699.0,0.000270929
None0,740.0,700.0,0.000270929
None0,740.0,701.0,0.000270929
None0,740.0,702.0,0.000270929
None0,740.0,704.0,0.001896505
None0,740.0,705.0,0.000270929
None0,740.0,713.0,0.000270929
None0,740.0,715.0,0.001625576
None0,740.0,716.0,0.001354646
None0,740.0,717.0,0.002980222
None0,740.0,718.0,0.001083717
None0,740.0,719.0,0.000270929
None0,740.0,721.0,0.000270929
None0,740.0,723.0,0.001354646
None0,740.0,725.0,0.000270929
None0,740.0,726.0,0.000541859
None0,740.0,728.0,0.000270929
None0,740.0,729.0,0.000270929
None0,740.0,732.0,0.000541859
None0,740.0,733.0,0.000270929
None0,740.0,734.0,0.001354646
None0,740.0,739.0,0.002167434
None0,740.0,741.0,0.002167434
None0,740.0,742.0,0.000270929
None0,740.0,743.0,0.000812788
None0,740.0,744.0,0.001354646
None0,740.0,745.0,0.000541859
None0,740.0,747.0,0.007315091
None0,740.0,751.0,0.001083717
None0,740.0,753.0,0.001083717
None0,740.0,754.0,0.001625576
None0,740.0,755.0,0.000541859
None0,740.0,756.0,0.000541859
None0,740.0,757.0,0.000270929
None0,740.0,759.0,0.000270929
None0,740.0,761.0,0.000270929
None0,740.0,762.0,0.000270929
None0,740.0,763.0,0.000270929
None0,740.0,766.0,0.000270929
None0,740.0,767.0,0.001083717
None0,740.0,768.0,0.005147656
None0,740.0,772.0,0.002438364
None0,740.0,773.0,0.003251151
None0,740.0,774.0,0.000541859
None0,740.0,775.0,0.000270929
None0,740.0,777.0,0.000270929
None0,740.0,780.0,0.001083717
None0,740.0,785.0,0.001354646
None0,740.0,787.0,0.000541859
None0,740.0,788.0,0.000812788
None0,740.0,789.0,0.000270929
None0,740.0,790.0,0.000270929
None0,740.0,792.0,0.001625576
None0,740.0,794.0,0.006231374
None0,740.0,795.0,0.000812788
None0,740.0,799.0,0.000270929
None0,740.0,800.0,0.000270929
None0,740.0,805.0,0.001354646
None0,740.0,806.0,0.000270929
None0,740.0,807.0,0.000541859
None0,740.0,808.0,0.000270929
None0,740.0,809.0,0.000270929
None0,740.0,811.0,0.000270929
None0,740.0,812.0,0.000541859
None0,740.0,815.0,0.000270929
None0,740.0,816.0,0.004605798
None0,740.0,817.0,0.003522081
None0,740.0,819.0,0.000270929
None0,740.0,820.0,0.000270929
None0,740.0,822.0,0.000270929
None0,740.0,823.0,0.000270929
None0,740.0,825.0,0.001354646
None0,740.0,826.0,0.000270929
None0,740.0,827.0,0.000541859
None0,740.0,830.0,0.000270929
None0,740.0,832.0,0.001083717
None0,740.0,835.0,0.000270929
None0,740.0,836.0,0.000270929
None0,740.0,837.0,0.000270929
None0,740.0,838.0,0.000541859
None0,740.0,839.0,0.001625576
None0,740.0,840.0,0.000812788
None0,740.0,842.0,0.000541859
None0,740.0,845.0,0.000812788
None0,740.0,847.0,0.005147656
None0,740.0,848.0,0.003522081
None0,740.0,853.0,0.000270929
None0,740.0,857.0,0.002709293
None0,740.0,860.0,0.000541859
None0,740.0,861.0,0.002167434
None0,740.0,862.0,0.020861555
None0,740.0,863.0,0.000270929
None0,740.0,865.0,0.000541859
None0,740.0,867.0,0.000812788
None0,740.0,868.0,0.005689515
None0,740.0,870.0,0.000270929
None0,740.0,872.0,0.000541859
None0,740.0,877.0,0.002980222
None0,740.0,883.0,0.01517204
None0,740.0,884.0,0.000812788
None0,740.0,885.0,0.004605798
None0,740.0,886.0,0.000270929
None0,740.0,887.0,0.000541859
None0,740.0,888.0,0.000270929
None0,740.0,891.0,0.000270929
None0,740.0,896.0,0.003522081
None0,740.0,897.0,0.000812788
None0,740.0,898.0,0.000812788
None0,740.0,900.0,0.000270929
None0,740.0,903.0,0.000270929
None0,740.0,904.0,0.000270929
None0,740.0,905.0,0.000541859
None0,740.0,908.0,0.001354646
None0,740.0,911.0,0.000270929
None0,740.0,913.0,0.000270929
None0,740.0,919.0,0.001354646
None0,740.0,920.0,0.001083717
None0,740.0,921.0,0.000270929
None0,740.0,922.0,0.000812788
None0,740.0,923.0,0.000541859
None0,740.0,928.0,0.000812788
None0,740.0,929.0,0.000270929
None0,740.0,931.0,0.000541859
None0,740.0,933.0,0.000812788
None0,740.0,934.0,0.000270929
None0,740.0,935.0,0.002167434
None0,740.0,940.0,0.000270929
None0,740.0,946.0,0.000541859
None0,740.0,948.0,0.004063939
None0,740.0,949.0,0.000270929
None0,740.0,950.0,0.001625576
None0,740.0,952.0,0.001083717
None0,740.0,953.0,0.000270929
None0,740.0,954.0,0.004605798
None0,740.0,956.0,0.000541859
None0,740.0,957.0,0.000541859
None0,740.0,958.0,0.000541859
None0,740.0,962.0,0.000270929
None0,740.0,963.0,0.000541859
None0,740.0,964.0,0.00379301
None0,740.0,966.0,0.000270929
None0,740.0,971.0,0.000812788
None0,740.0,972.0,0.000541859
None0,740.0,978.0,0.001354646
None0,740.0,980.0,0.000270929
None0,740.0,983.0,0.000812788
None0,740.0,985.0,0.000270929
None0,740.0,986.0,0.000270929
None0,740.0,988.0,0.001896505
None0,740.0,989.0,0.003251151
None0,740.0,990.0,0.001083717
None0,740.0,993.0,0.000541859
None0,740.0,995.0,0.000270929
None0,740.0,996.0,0.000541859
None0,740.0,999.0,0.001083717
None0,740.0,1001.0,0.001625576
None0,740.0,1002.0,0.001083717
None0,740.0,1003.0,0.001896505
None0,740.0,1007.0,0.000812788
None0,740.0,1008.0,0.000270929
None0,740.0,1009.0,0.000812788
None0,740.0,1012.0,0.000270929
None0,740.0,1013.0,0.000541859
None0,740.0,1015.0,0.016797616
None0,740.0,1016.0,0.000270929
None0,740.0,1017.0,0.000270929
None0,740.0,1020.0,0.000541859
None0,740.0,1022.0,0.000270929
None0,740.0,1023.0,0.000541859
None0,740.0,1025.0,0.002438364
None0,740.0,1026.0,0.000541859
None0,740.0,1027.0,0.020319697
None0,740.0,1029.0,0.000270929
None0,740.0,1030.0,0.000541859
None0,740.0,1032.0,0.000270929
None0,740.0,1041.0,0.000541859
None0,740.0,1042.0,0.000270929
None0,740.0,1043.0,0.012733677
None0,740.0,1046.0,0.000270929
None0,740.0,1047.0,0.000270929
None0,740.0,1049.0,0.000270929
None0,740.0,1050.0,0.000270929
None0,740.0,1052.0,0.001083717
None0,740.0,1053.0,0.001896505
None0,740.0,1054.0,0.001625576
None0,740.0,1056.0,0.000270929
None0,740.0,1058.0,0.001083717
None0,740.0,1059.0,0.001625576
None0,740.0,1060.0,0.000812788
None0,740.0,1065.0,0.000812788
None0,740.0,1068.0,0.000541859
None0,740.0,1072.0,0.000812788
None0,740.0,1073.0,0.000270929
None0,740.0,1074.0,0.000541859
None0,740.0,1077.0,0.000541859
None0,740.0,1078.0,0.000270929
None0,740.0,1079.0,0.000541859
None0,740.0,1080.0,0.000812788
None0,740.0,1081.0,0.000270929
None0,740.0,1083.0,0.000541859
None0,740.0,1084.0,0.001896505
None0,740.0,1086.0,0.000541859
None0,740.0,1088.0,0.000270929
None0,740.0,1090.0,0.000541859
None0,740.0,1092.0,0.000812788
None0,740.0,1093.0,0.001083717
None0,740.0,1096.0,0.000541859
None0,740.0,1098.0,0.001083717
None0,740.0,1100.0,0.001354646
None0,740.0,1101.0,0.000270929
None0,740.0,1104.0,0.000270929
None0,740.0,1111.0,0.000270929
None0,740.0,1113.0,0.001354646
None0,740.0,1114.0,0.002167434
None0,740.0,1116.0,0.001083717
None0,740.0,1117.0,0.000541859
None0,740.0,1118.0,0.000812788
None0,740.0,1119.0,0.000541859
None0,740.0,1120.0,0.002438364
None0,740.0,1123.0,0.000270929
None0,740.0,1124.0,0.004876727
None0,740.0,1125.0,0.002438364
None0,740.0,1130.0,0.000270929
None0,740.0,1132.0,0.000541859
None0,740.0,1135.0,0.000812788
None0,740.0,1137.0,0.004063939
None0,740.0,1140.0,0.002438364
None0,740.0,1141.0,0.000541859
None0,740.0,1142.0,0.000812788
None0,740.0,1143.0,0.010566242
None0,740.0,1144.0,0.001625576
None0,740.0,1146.0,0.000270929
None0,740.0,1148.0,0.000270929
None0,740.0,1151.0,0.000541859
None0,740.0,1154.0,0.000541859
None0,740.0,1156.0,0.001083717
None0,740.0,1158.0,0.000270929
None0,740.0,1162.0,0.001354646
None0,740.0,1163.0,0.002980222
None0,740.0,1164.0,0.000270929
None0,740.0,1165.0,0.001083717
None0,740.0,1166.0,0.000812788
None0,740.0,1168.0,0.000541859
None0,740.0,1169.0,0.000270929
None0,740.0,1170.0,0.000541859
None0,740.0,1171.0,0.000541859
None0,740.0,1172.0,0.002709293
None0,740.0,1175.0,0.000270929
None0,740.0,1177.0,0.005418586
None0,740.0,1178.0,0.000541859
None0,740.0,1180.0,0.000541859
None0,740.0,1181.0,0.000541859
None0,740.0,1182.0,0.000541859
None0,740.0,1184.0,0.000541859
None0,740.0,1186.0,0.008940666
None0,740.0,1187.0,0.000270929
None0,740.0,1192.0,0.000270929
None0,740.0,1193.0,0.000541859
None0,740.0,1198.0,0.000270929
None0,740.0,1200.0,0.000541859
None0,740.0,1201.0,0.000541859
None0,740.0,1202.0,0.000270929
None0,740.0,1204.0,0.000270929
None0,740.0,1205.0,0.000812788
None0,740.0,1206.0,0.000270929
None0,740.0,1208.0,0.001354646
None0,740.0,1209.0,0.000270929
None0,740.0,1210.0,0.000812788
None0,740.0,1213.0,0.000270929
None0,740.0,1214.0,0.001625576
None0,740.0,1217.0,0.000270929
None0,740.0,1220.0,0.002438364
None0,740.0,1221.0,0.002438364
None0,740.0,1224.0,0.000270929
None0,740.0,1225.0,0.000812788
None0,740.0,1227.0,0.000541859
None0,740.0,1228.0,0.001625576
None0,740.0,1231.0,0.001625576
None0,740.0,1232.0,0.000270929
None0,740.0,1233.0,0.000270929
None0,740.0,1234.0,0.000270929
None0,740.0,1235.0,0.000270929
None0,740.0,1237.0,0.000541859
None0,740.0,1239.0,0.000541859
None0,740.0,1241.0,0.001625576
None0,740.0,1242.0,0.000270929
None0,740.0,1243.0,0.000270929
None0,740.0,1244.0,0.000270929
None0,740.0,1246.0,0.000541859
None0,740.0,1247.0,0.001354646
None0,740.0,1248.0,0.000270929
None0,740.0,1249.0,0.000541859
None0,740.0,1250.0,0.000812788
None0,740.0,1252.0,0.002980222
None0,740.0,1257.0,0.000541859
None0,740.0,1258.0,0.001083717
None0,740.0,1259.0,0.000812788
None0,740.0,1260.0,0.000270929
None0,740.0,1262.0,0.000270929
None0,740.0,1265.0,0.003251151
None0,740.0,1270.0,0.00379301
None0,740.0,1271.0,0.000270929
None0,740.0,1274.0,0.005418586
None0,740.0,1275.0,0.000270929
None0,740.0,1276.0,0.000541859
None0,740.0,1279.0,0.000270929
None0,740.0,1280.0,0.004063939
None0,740.0,1281.0,0.000541859
None0,740.0,1283.0,0.000270929
None0,740.0,1284.0,0.000270929
None0,740.0,1285.0,0.000812788
None0,740.0,1287.0,0.000541859
None0,740.0,1288.0,0.000270929
None0,740.0,1289.0,0.000270929
None0,740.0,1290.0,0.001625576
None0,740.0,1291.0,0.000541859
None0,740.0,1293.0,0.000812788
None0,740.0,1299.0,0.003251151
None0,740.0,1301.0,0.000812788
None0,740.0,1302.0,0.000541859
None0,740.0,1305.0,0.000270929
None0,740.0,1308.0,0.000270929
None0,740.0,1313.0,0.000541859
None0,740.0,1316.0,0.001354646
None0,740.0,1317.0,0.000270929
None0,740.0,1318.0,0.003522081
None0,740.0,1323.0,0.000541859
None0,740.0,1324.0,0.000270929
None0,740.0,1327.0,0.000541859
None0,740.0,1331.0,0.000270929
None0,740.0,1332.0,0.000541859
None0,740.0,1333.0,0.000270929
None0,740.0,1335.0,0.000270929
None0,740.0,1336.0,0.000541859
None0,740.0,1337.0,0.000270929
None0,740.0,1338.0,0.000812788
None0,740.0,1340.0,0.000270929
None0,740.0,1341.0,0.001896505
None0,740.0,1342.0,0.001896505
None0,740.0,1344.0,0.000812788
None0,740.0,1346.0,0.000270929
None0,740.0,1348.0,0.000541859
None0,740.0,1349.0,0.000270929
None0,740.0,1350.0,0.000270929
None0,740.0,1351.0,0.000270929
None0,740.0,1352.0,0.001083717
None0,740.0,1353.0,0.004334869
None0,740.0,1354.0,0.000812788
None0,740.0,1356.0,0.000270929
None0,740.0,1358.0,0.000812788
None0,740.0,1359.0,0.000541859
None0,740.0,1360.0,0.000270929
None0,740.0,1361.0,0.002167434
None0,740.0,1362.0,0.002167434
None0,740.0,1363.0,0.001083717
None0,740.0,1364.0,0.000541859
None0,740.0,1367.0,0.001354646
None0,740.0,1369.0,0.000541859
None0,740.0,1373.0,0.006773232
None0,740.0,1374.0,0.001083717
None0,740.0,1377.0,0.001625576
None0,740.0,1379.0,0.000541859
None0,740.0,1381.0,0.001083717
None0,740.0,1382.0,0.000270929
None0,740.0,1383.0,0.000270929
None0,740.0,1384.0,0.000541859
None0,740.0,1386.0,0.001354646
None0,740.0,1387.0,0.001896505
None0,740.0,1389.0,0.001083717
None0,740.0,1392.0,0.000541859
None0,740.0,1395.0,0.000541859
None0,740.0,1398.0,0.000812788
None0,740.0,1401.0,0.001354646
None0,740.0,1402.0,0.006773232
None0,740.0,1403.0,0.001083717
None0,740.0,1405.0,0.000270929
None0,740.0,1411.0,0.000270929
None0,740.0,1412.0,0.000541859
None0,740.0,1413.0,0.000270929
None0,740.0,1414.0,0.001354646
None0,740.0,1416.0,0.000270929
None0,740.0,1419.0,0.000270929
None0,740.0,1420.0,0.000270929
None0,740.0,1422.0,0.004876727
None0,740.0,1423.0,0.001625576
None0,740.0,1425.0,0.000541859
None0,740.0,1430.0,0.000812788
None0,740.0,1431.0,0.000270929
None0,740.0,1434.0,0.000270929
None0,740.0,1437.0,0.000541859
None0,740.0,1438.0,0.002438364
None0,740.0,1440.0,0.001083717
None0,740.0,1442.0,0.000270929
None0,740.0,1443.0,0.000270929
None0,740.0,1448.0,0.000270929
None0,740.0,1449.0,0.000812788
None0,740.0,1454.0,0.001625576
None0,740.0,1455.0,0.000270929
None0,740.0,1456.0,0.000270929
None0,740.0,1457.0,0.001625576
None0,740.0,1459.0,0.000270929
None0,740.0,1462.0,0.001896505
None0,740.0,1465.0,0.000812788
None0,740.0,1466.0,0.000270929
None0,740.0,1470.0,0.003522081
None0,740.0,1472.0,0.001083717
None0,740.0,1478.0,0.001083717
None0,740.0,1479.0,0.004063939
None0,740.0,1483.0,0.001354646
None0,740.0,1485.0,0.000270929
None0,740.0,1487.0,0.000270929
None0,740.0,1488.0,0.000541859
None0,740.0,1490.0,0.002438364
None0,740.0,1492.0,0.005960444
None0,740.0,1495.0,0.001354646
None0,740.0,1496.0,0.000270929
None0,740.0,1497.0,0.001354646
None0,740.0,1498.0,0.000541859
None0,740.0,1500.0,0.002438364
None0,740.0,1502.0,0.000541859
None0,740.0,1503.0,0.002167434
None0,740.0,1504.0,0.000541859
None0,740.0,1505.0,0.000270929
None0,740.0,1511.0,0.001354646
None0,740.0,1512.0,0.000541859
None0,740.0,1514.0,0.000812788
None0,740.0,1515.0,0.000541859
None0,740.0,1516.0,0.000270929
None0,740.0,1519.0,0.002980222
None0,740.0,1520.0,0.000270929
None0,740.0,1522.0,0.00758602
None0,740.0,1523.0,0.000541859
None0,740.0,1525.0,0.001896505
None0,740.0,1526.0,0.002438364
None0,740.0,1529.0,0.000270929
None0,740.0,1530.0,0.001896505
None0,740.0,1533.0,0.000270929
None0,740.0,1538.0,0.000541859
None0,740.0,1540.0,0.000270929
None0,740.0,1541.0,0.004876727
None0,740.0,1542.0,0.000541859
None0,740.0,1543.0,0.001354646
None0,740.0,1544.0,0.001896505
None0,740.0,1545.0,0.001896505
None0,740.0,1550.0,0.000270929
None0,740.0,1551.0,0.001354646
None0,740.0,1552.0,0.000270929
None0,740.0,1554.0,0.000270929
None0,740.0,1555.0,0.000541859
None0,740.0,1557.0,0.000541859
None0,740.0,1559.0,0.000541859
None0,740.0,1561.0,0.001896505
None0,740.0,1562.0,0.000541859
None0,740.0,1563.0,0.006773232
None0,740.0,1566.0,0.001625576
None0,740.0,1568.0,0.000270929
None0,740.0,1571.0,0.000270929
None0,740.0,1572.0,0.000270929
None0,740.0,1573.0,0.000270929
None0,740.0,1574.0,0.000270929
None0,740.0,1579.0,0.000270929
None0,740.0,1580.0,0.001083717
None0,740.0,1582.0,0.000270929
None0,740.0,1584.0,0.000541859
None0,740.0,1586.0,0.002709293
None0,740.0,1588.0,0.000812788
None0,740.0,1591.0,0.002438364
None0,740.0,1593.0,0.001354646
None0,740.0,1597.0,0.042264969
None0,740.0,1599.0,0.005960444
None0,740.0,1602.0,0.000270929
None0,740.0,1606.0,0.000541859
None0,740.0,1607.0,0.000812788
None0,740.0,1608.0,0.000270929
None0,740.0,1609.0,0.001354646
None0,740.0,1611.0,0.000270929
None0,740.0,1612.0,0.000541859
None0,740.0,1613.0,0.000541859
None0,740.0,1614.0,0.000541859
None0,740.0,1615.0,0.001083717
None0,740.0,1616.0,0.001083717
None0,740.0,1617.0,0.000812788
None0,740.0,1618.0,0.001625576
None0,740.0,1619.0,0.000541859
None0,740.0,1620.0,0.000812788
None0,740.0,1624.0,0.001896505
None0,740.0,1625.0,0.000270929
None0,740.0,1626.0,0.000541859
None0,740.0,1627.0,0.000812788
None0,740.0,1628.0,0.019506909
None0,740.0,1634.0,0.000270929
None0,740.0,1638.0,0.000270929
None0,740.0,1639.0,0.000541859
None0,740.0,1640.0,0.000270929
None0,740.0,1642.0,0.000541859
None0,740.0,1643.0,0.000270929
None0,740.0,1644.0,0.000541859
None0,740.0,1651.0,0.001625576
None0,740.0,1653.0,0.000270929
None0,740.0,1654.0,0.013817394
None0,740.0,1655.0,0.007315091
None0,740.0,1656.0,0.002980222
None0,740.0,1657.0,0.000270929
None0,740.0,1660.0,0.001625576
None0,740.0,1664.0,0.002709293
None0,740.0,1665.0,0.000541859
None0,740.0,1669.0,0.000270929
None0,740.0,1674.0,0.000270929
None0,740.0,1675.0,0.000270929
None0,740.0,1676.0,0.000270929
None0,740.0,1677.0,0.000541859
None0,740.0,1681.0,0.000270929
None0,740.0,1682.0,0.000270929
None0,740.0,1684.0,0.000812788
None0,740.0,1686.0,0.000270929
None0,740.0,1687.0,0.000541859
None0,740.0,1691.0,0.000270929
None0,740.0,1695.0,0.001625576
None0,740.0,1696.0,0.000270929
None0,740.0,1697.0,0.000541859
None0,740.0,1698.0,0.000541859
None0,740.0,1701.0,0.001625576
None0,740.0,1702.0,0.002980222
None0,740.0,1704.0,0.000541859
None0,740.0,1707.0,0.000270929
None0,740.0,1708.0,0.000270929
None0,740.0,1709.0,0.000541859
None0,740.0,1710.0,0.008669737
None0,740.0,1712.0,0.000270929
None0,740.0,1715.0,0.000541859
None0,740.0,1716.0,0.001083717
None0,740.0,1717.0,0.000270929
None0,740.0,1719.0,0.000270929
None0,740.0,1723.0,0.000541859
None0,740.0,1728.0,0.000812788
None0,740.0,1731.0,0.000812788
None0,740.0,1733.0,0.000541859
None0,740.0,1735.0,0.000270929
None0,740.0,1737.0,0.001354646
None0,740.0,1738.0,0.000270929
None0,740.0,1740.0,0.000541859
None0,740.0,1741.0,0.002980222
None0,740.0,1742.0,0.006231374
None0,740.0,1744.0,0.000270929
None0,740.0,1746.0,0.000270929
None0,740.0,1747.0,0.001354646
None0,740.0,1749.0,0.005147656
None0,740.0,1751.0,0.000270929
None0,740.0,1754.0,0.000541859
None0,740.0,1755.0,0.00758602
None0,740.0,1756.0,0.002438364
None0,740.0,1758.0,0.000270929
None0,740.0,1759.0,0.000270929
None0,740.0,1761.0,0.000812788
None0,740.0,1765.0,0.001896505
None0,740.0,1771.0,0.000270929
None0,740.0,1773.0,0.000541859
None0,740.0,1775.0,0.000812788
None0,740.0,1776.0,0.000541859
None0,740.0,1780.0,0.000812788
None0,740.0,1781.0,0.000812788
None0,740.0,1784.0,0.000541859
None0,740.0,1786.0,0.000812788
None0,740.0,1787.0,0.001083717
None0,740.0,1790.0,0.000270929
None0,740.0,1793.0,0.002438364
None0,740.0,1794.0,0.000812788
None0,740.0,1795.0,0.000812788
None0,740.0,1797.0,0.002167434
None0,740.0,1802.0,0.001896505
None0,740.0,1805.0,0.001625576
None0,740.0,1806.0,0.001083717
None0,740.0,1809.0,0.001625576
None0,740.0,1810.0,0.000270929
None0,740.0,1812.0,0.000541859
None0,740.0,1814.0,0.001354646
None0,740.0,1816.0,0.000812788
None0,740.0,1817.0,0.000541859
None0,740.0,1818.0,0.000812788
None0,740.0,1821.0,0.001083717
None0,740.0,1822.0,0.001083717
None0,740.0,1824.0,0.000541859
None0,740.0,1827.0,0.000812788
None0,740.0,1829.0,0.000541859
None0,740.0,1830.0,0.000270929
None0,740.0,1833.0,0.000541859
None0,740.0,1834.0,0.005689515
None0,740.0,1835.0,0.002980222
None0,740.0,1837.0,0.000270929
None0,740.0,1843.0,0.001354646
None0,740.0,1844.0,0.001896505
None0,740.0,1846.0,0.000541859
None0,740.0,1847.0,0.000270929
None0,740.0,1849.0,0.004876727
None0,740.0,1851.0,0.001354646
None0,740.0,1856.0,0.000270929
None0,740.0,1858.0,0.000541859
None0,740.0,1860.0,0.000270929
None0,740.0,1861.0,0.001083717
None0,740.0,1863.0,0.000270929
None0,740.0,1873.0,0.000270929
None0,740.0,1878.0,0.000541859
None0,740.0,1881.0,0.000270929
None0,740.0,1882.0,0.000541859
None0,740.0,1886.0,0.000541859
None0,740.0,1888.0,0.000812788
None0,740.0,1890.0,0.001354646
None0,740.0,1893.0,0.000270929
None0,740.0,1895.0,0.000270929
None0,740.0,1896.0,0.002438364
None0,740.0,1897.0,0.002980222
None0,740.0,1899.0,0.002167434
None0,740.0,1901.0,0.002438364
None0,740.0,1904.0,0.005689515
None0,740.0,1907.0,0.003251151
None0,740.0,1908.0,0.001083717
None0,740.0,1910.0,0.000270929
None0,740.0,1911.0,0.000270929
None0,740.0,1913.0,0.000541859
None0,740.0,1914.0,0.000541859
None0,740.0,1915.0,0.000270929
None0,740.0,1927.0,0.000541859
None0,740.0,1929.0,0.000270929
None0,740.0,1930.0,0.000270929
None0,740.0,1931.0,0.001354646
None0,740.0,1934.0,0.000812788
None0,740.0,1937.0,0.000812788
None0,740.0,1938.0,0.001354646
None0,740.0,1940.0,0.001625576
None0,740.0,1942.0,0.001083717
None0,740.0,1943.0,0.000270929
None0,740.0,1944.0,0.011649959
None0,740.0,1947.0,0.001083717
None0,740.0,1948.0,0.004063939
None0,740.0,1952.0,0.000270929
None0,740.0,1953.0,0.001083717
None0,740.0,1954.0,0.000270929
None0,740.0,1957.0,0.000541859
None0,740.0,1959.0,0.001896505
None0,740.0,1960.0,0.001354646
None0,740.0,1961.0,0.000541859
None0,740.0,1963.0,0.000541859
None0,740.0,1964.0,0.001354646
None0,740.0,1965.0,0.000270929
None0,740.0,1966.0,0.000270929
None0,740.0,1974.0,0.000270929
None0,740.0,1977.0,0.008398808
None0,740.0,1978.0,0.000270929
None0,740.0,1983.0,0.000541859
None0,740.0,1986.0,0.000270929
None0,740.0,1988.0,0.000541859
None0,740.0,1991.0,0.000270929
None0,740.0,1993.0,0.000270929
None0,740.0,1994.0,0.000541859
None0,740.0,1997.0,0.000270929
None0,740.0,1998.0,0.000270929
None0,741.0,0.0,4.88e-05
None0,741.0,2.0,0.000292926
None0,741.0,3.0,0.000146463
None0,741.0,4.0,9.76e-05
None0,741.0,5.0,7.32e-05
None0,741.0,10.0,9.76e-05
None0,741.0,11.0,2.44e-05
None0,741.0,12.0,0.000170873
None0,741.0,13.0,0.002831616
None0,741.0,14.0,2.44e-05
None0,741.0,15.0,7.32e-05
None0,741.0,16.0,4.88e-05
None0,741.0,17.0,9.76e-05
None0,741.0,24.0,0.000292926
None0,741.0,26.0,2.44e-05
None0,741.0,27.0,0.004418298
None0,741.0,28.0,0.000122052
None0,741.0,29.0,0.000170873
None0,741.0,31.0,0.000244105
None0,741.0,33.0,0.000122052
None0,741.0,34.0,2.44e-05
None0,741.0,35.0,2.44e-05
None0,741.0,37.0,7.32e-05
None0,741.0,38.0,0.005663233
None0,741.0,39.0,9.76e-05
None0,741.0,40.0,0.000146463
None0,741.0,41.0,9.76e-05
None0,741.0,42.0,2.44e-05
None0,741.0,43.0,7.32e-05
None0,741.0,44.0,2.44e-05
None0,741.0,46.0,4.88e-05
None0,741.0,47.0,2.44e-05
None0,741.0,48.0,4.88e-05
None0,741.0,49.0,0.000610262
None0,741.0,53.0,2.44e-05
None0,741.0,54.0,9.76e-05
None0,741.0,57.0,4.88e-05
None0,741.0,60.0,4.88e-05
None0,741.0,62.0,2.44e-05
None0,741.0,63.0,0.000146463
None0,741.0,66.0,2.44e-05
None0,741.0,68.0,7.32e-05
None0,741.0,69.0,0.000732315
None0,741.0,70.0,7.32e-05
None0,741.0,71.0,7.32e-05
None0,741.0,72.0,0.000414978
None0,741.0,74.0,2.44e-05
None0,741.0,75.0,0.000268515
None0,741.0,76.0,4.88e-05
None0,741.0,77.0,0.00048821
None0,741.0,78.0,2.44e-05
None0,741.0,79.0,7.32e-05
None0,741.0,81.0,2.44e-05
None0,741.0,82.0,0.000610262
None0,741.0,83.0,4.88e-05
None0,741.0,84.0,9.76e-05
None0,741.0,85.0,4.88e-05
None0,741.0,88.0,0.00051262
None0,741.0,89.0,0.000170873
None0,741.0,91.0,0.000317336
None0,741.0,94.0,2.44e-05
None0,741.0,95.0,2.44e-05
None0,741.0,117.0,2.44e-05
None0,741.0,128.0,2.44e-05
None0,741.0,136.0,2.44e-05
None0,741.0,141.0,2.44e-05
None0,741.0,147.0,4.88e-05
None0,741.0,159.0,9.76e-05
None0,741.0,163.0,2.44e-05
None0,741.0,164.0,2.44e-05
None0,741.0,168.0,4.88e-05
None0,741.0,169.0,0.000219694
None0,741.0,171.0,0.000219694
None0,741.0,174.0,7.32e-05
None0,741.0,176.0,2.44e-05
None0,741.0,177.0,0.000805546
None0,741.0,178.0,0.000463799
None0,741.0,179.0,9.76e-05
None0,741.0,180.0,9.76e-05
None0,741.0,182.0,4.88e-05
None0,741.0,186.0,4.88e-05
None0,741.0,187.0,7.32e-05
None0,741.0,189.0,0.000585852
None0,741.0,190.0,0.000170873
None0,741.0,191.0,0.001147293
None0,741.0,192.0,2.44e-05
None0,741.0,193.0,4.88e-05
None0,741.0,194.0,0.000366157
None0,741.0,195.0,0.000170873
None0,741.0,198.0,0.001830787
None0,741.0,201.0,9.76e-05
None0,741.0,203.0,2.44e-05
None0,741.0,205.0,2.44e-05
None0,741.0,227.0,0.000317336
None0,741.0,228.0,0.000195284
None0,741.0,229.0,0.000219694
None0,741.0,230.0,0.000244105
None0,741.0,234.0,2.44e-05
None0,741.0,237.0,2.44e-05
None0,741.0,238.0,0.000219694
None0,741.0,239.0,2.44e-05
None0,741.0,241.0,2.44e-05
None0,741.0,242.0,2.44e-05
None0,741.0,243.0,0.000366157
None0,741.0,244.0,7.32e-05
None0,741.0,245.0,4.88e-05
None0,741.0,246.0,2.44e-05
None0,741.0,247.0,0.001122882
None0,741.0,248.0,0.001391398
None0,741.0,249.0,0.000219694
None0,741.0,250.0,0.000244105
None0,741.0,251.0,0.000341747
None0,741.0,252.0,0.003661573
None0,741.0,253.0,2.44e-05
None0,741.0,254.0,2.44e-05
None0,741.0,255.0,7.32e-05
None0,741.0,257.0,9.76e-05
None0,741.0,258.0,2.44e-05
None0,741.0,261.0,0.000439389
None0,741.0,262.0,2.44e-05
None0,741.0,265.0,2.44e-05
None0,741.0,266.0,2.44e-05
None0,741.0,267.0,2.44e-05
None0,741.0,269.0,2.44e-05
None0,741.0,270.0,0.000659083
None0,741.0,271.0,0.000170873
None0,741.0,275.0,2.44e-05
None0,741.0,276.0,0.004760045
None0,741.0,282.0,9.76e-05
None0,741.0,286.0,0.001464629
None0,741.0,287.0,2.44e-05
None0,741.0,288.0,0.000219694
None0,741.0,291.0,0.000829957
None0,741.0,296.0,2.44e-05
None0,741.0,301.0,0.002880437
None0,741.0,302.0,2.44e-05
None0,741.0,304.0,0.000122052
None0,741.0,305.0,4.88e-05
None0,741.0,309.0,0.000292926
None0,741.0,310.0,0.000244105
None0,741.0,313.0,4.88e-05
None0,741.0,315.0,7.32e-05
None0,741.0,319.0,0.000317336
None0,741.0,321.0,2.44e-05
None0,741.0,323.0,2.44e-05
None0,741.0,328.0,2.44e-05
None0,741.0,330.0,2.44e-05
None0,741.0,336.0,2.44e-05
None0,741.0,339.0,2.44e-05
None0,741.0,341.0,2.44e-05
None0,741.0,346.0,2.44e-05
None0,741.0,353.0,9.76e-05
None0,741.0,356.0,2.44e-05
None0,741.0,360.0,2.44e-05
None0,741.0,362.0,2.44e-05
None0,741.0,364.0,0.001806376
None0,741.0,365.0,0.000122052
None0,741.0,369.0,0.000366157
None0,741.0,370.0,0.002367817
None0,741.0,371.0,0.000390568
None0,741.0,377.0,7.32e-05
None0,741.0,378.0,0.00148904
None0,741.0,379.0,0.000146463
None0,741.0,382.0,0.000976419
None0,741.0,383.0,0.001244935
None0,741.0,386.0,2.44e-05
None0,741.0,387.0,0.000122052
None0,741.0,388.0,2.44e-05
None0,741.0,390.0,7.32e-05
None0,741.0,391.0,0.000414978
None0,741.0,394.0,0.000244105
None0,741.0,396.0,2.44e-05
None0,741.0,398.0,0.002978079
None0,741.0,403.0,4.88e-05
None0,741.0,409.0,0.000268515
None0,741.0,411.0,0.000122052
None0,741.0,416.0,7.32e-05
None0,741.0,417.0,0.000122052
None0,741.0,419.0,0.00151345
None0,741.0,420.0,0.000219694
None0,741.0,424.0,0.000146463
None0,741.0,425.0,7.32e-05
None0,741.0,429.0,2.44e-05
None0,741.0,432.0,0.000317336
None0,741.0,439.0,0.001440219
None0,741.0,442.0,0.000244105
None0,741.0,445.0,9.76e-05
None0,741.0,446.0,0.000122052
None0,741.0,447.0,2.44e-05
None0,741.0,450.0,0.000390568
None0,741.0,453.0,2.44e-05
None0,741.0,454.0,9.76e-05
None0,741.0,456.0,2.44e-05
None0,741.0,457.0,0.001122882
None0,741.0,458.0,7.32e-05
None0,741.0,460.0,2.44e-05
None0,741.0,462.0,0.000707904
None0,741.0,465.0,7.32e-05
None0,741.0,466.0,4.88e-05
None0,741.0,467.0,0.000463799
None0,741.0,469.0,0.000219694
None0,741.0,472.0,0.004662403
None0,741.0,473.0,0.000537031
None0,741.0,474.0,2.44e-05
None0,741.0,478.0,0.001415808
None0,741.0,479.0,2.44e-05
None0,741.0,480.0,2.44e-05
None0,741.0,481.0,9.76e-05
None0,741.0,482.0,2.44e-05
None0,741.0,483.0,0.000244105
None0,741.0,484.0,0.000317336
None0,741.0,488.0,4.88e-05
None0,741.0,490.0,0.006200264
None0,741.0,492.0,2.44e-05
None0,741.0,494.0,2.44e-05
None0,741.0,495.0,0.000122052
None0,741.0,496.0,7.32e-05
None0,741.0,499.0,2.44e-05
None0,741.0,501.0,0.000170873
None0,741.0,505.0,0.000195284
None0,741.0,506.0,0.000463799
None0,741.0,509.0,7.32e-05
None0,741.0,510.0,4.88e-05
None0,741.0,511.0,2.44e-05
None0,741.0,515.0,7.32e-05
None0,741.0,516.0,2.44e-05
None0,741.0,517.0,4.88e-05
None0,741.0,519.0,2.44e-05
None0,741.0,520.0,0.000170873
None0,741.0,523.0,0.000537031
None0,741.0,526.0,9.76e-05
None0,741.0,528.0,0.000366157
None0,741.0,529.0,2.44e-05
None0,741.0,530.0,2.44e-05
None0,741.0,531.0,0.000122052
None0,741.0,533.0,0.000634673
None0,741.0,535.0,2.44e-05
None0,741.0,545.0,0.000805546
None0,741.0,546.0,0.000585852
None0,741.0,551.0,4.88e-05
None0,741.0,552.0,9.76e-05
None0,741.0,553.0,0.000317336
None0,741.0,554.0,2.44e-05
None0,741.0,557.0,4.88e-05
None0,741.0,559.0,2.44e-05
None0,741.0,561.0,4.88e-05
None0,741.0,564.0,0.000146463
None0,741.0,566.0,2.44e-05
None0,741.0,567.0,4.88e-05
None0,741.0,568.0,2.44e-05
None0,741.0,574.0,2.44e-05
None0,741.0,576.0,7.32e-05
None0,741.0,577.0,2.44e-05
None0,741.0,578.0,2.44e-05
None0,741.0,580.0,7.32e-05
None0,741.0,582.0,0.000317336
None0,741.0,587.0,0.000146463
None0,741.0,590.0,2.44e-05
None0,741.0,593.0,2.44e-05
None0,741.0,596.0,4.88e-05
None0,741.0,599.0,2.44e-05
None0,741.0,601.0,0.018136992
None0,741.0,603.0,2.44e-05
None0,741.0,604.0,7.32e-05
None0,741.0,606.0,0.000292926
None0,741.0,612.0,2.44e-05
None0,741.0,613.0,0.000854367
None0,741.0,614.0,0.000170873
None0,741.0,616.0,9.76e-05
None0,741.0,621.0,0.000317336
None0,741.0,622.0,4.88e-05
None0,741.0,623.0,0.000268515
None0,741.0,627.0,4.88e-05
None0,741.0,629.0,4.88e-05
None0,741.0,631.0,2.44e-05
None0,741.0,634.0,0.00048821
None0,741.0,635.0,0.000805546
None0,741.0,637.0,0.000341747
None0,741.0,638.0,4.88e-05
None0,741.0,639.0,2.44e-05
None0,741.0,640.0,7.32e-05
None0,741.0,644.0,2.44e-05
None0,741.0,645.0,7.32e-05
None0,741.0,648.0,0.002074891
None0,741.0,649.0,2.44e-05
None0,741.0,653.0,0.000122052
None0,741.0,657.0,7.32e-05
None0,741.0,665.0,0.000122052
None0,741.0,667.0,0.000707904
None0,741.0,669.0,4.88e-05
None0,741.0,671.0,7.32e-05
None0,741.0,673.0,0.000170873
None0,741.0,675.0,2.44e-05
None0,741.0,676.0,2.44e-05
None0,741.0,677.0,2.44e-05
None0,741.0,680.0,4.88e-05
None0,741.0,681.0,9.76e-05
None0,741.0,683.0,2.44e-05
None0,741.0,691.0,0.000756725
None0,741.0,695.0,4.88e-05
None0,741.0,696.0,2.44e-05
None0,741.0,697.0,2.44e-05
None0,741.0,702.0,4.88e-05
None0,741.0,703.0,0.000366157
None0,741.0,704.0,0.000195284
None0,741.0,706.0,2.44e-05
None0,741.0,707.0,2.44e-05
None0,741.0,717.0,0.000439389
None0,741.0,720.0,2.44e-05
None0,741.0,721.0,4.88e-05
None0,741.0,723.0,9.76e-05
None0,741.0,728.0,2.44e-05
None0,741.0,729.0,0.000244105
None0,741.0,734.0,0.000219694
None0,741.0,735.0,4.88e-05
None0,741.0,738.0,2.44e-05
None0,741.0,739.0,0.004467119
None0,741.0,740.0,0.000195284
None0,741.0,742.0,2.44e-05
None0,741.0,743.0,0.000195284
None0,741.0,744.0,7.32e-05
None0,741.0,745.0,0.003710394
None0,741.0,747.0,0.000561441
None0,741.0,748.0,2.44e-05
None0,741.0,750.0,2.44e-05
None0,741.0,751.0,2.44e-05
None0,741.0,753.0,4.88e-05
None0,741.0,754.0,2.44e-05
None0,741.0,759.0,0.000219694
None0,741.0,767.0,0.000292926
None0,741.0,768.0,0.000805546
None0,741.0,769.0,4.88e-05
None0,741.0,770.0,2.44e-05
None0,741.0,773.0,4.88e-05
None0,741.0,774.0,7.32e-05
None0,741.0,775.0,7.32e-05
None0,741.0,780.0,2.44e-05
None0,741.0,785.0,4.88e-05
None0,741.0,789.0,9.76e-05
None0,741.0,790.0,2.44e-05
None0,741.0,792.0,2.44e-05
None0,741.0,794.0,7.32e-05
None0,741.0,795.0,7.32e-05
None0,741.0,799.0,0.022457648
None0,741.0,804.0,7.32e-05
None0,741.0,805.0,7.32e-05
None0,741.0,807.0,2.44e-05
None0,741.0,808.0,2.44e-05
None0,741.0,810.0,4.88e-05
None0,741.0,812.0,4.88e-05
None0,741.0,815.0,0.000537031
None0,741.0,816.0,0.000195284
None0,741.0,818.0,4.88e-05
None0,741.0,822.0,4.88e-05
None0,741.0,823.0,2.44e-05
None0,741.0,825.0,4.88e-05
None0,741.0,830.0,2.44e-05
None0,741.0,832.0,2.44e-05
None0,741.0,835.0,2.44e-05
None0,741.0,836.0,2.44e-05
None0,741.0,839.0,9.76e-05
None0,741.0,841.0,2.44e-05
None0,741.0,842.0,4.88e-05
None0,741.0,843.0,4.88e-05
None0,741.0,844.0,0.001562271
None0,741.0,847.0,0.000439389
None0,741.0,848.0,0.000122052
None0,741.0,853.0,2.44e-05
None0,741.0,857.0,0.000219694
None0,741.0,859.0,2.44e-05
None0,741.0,860.0,2.44e-05
None0,741.0,861.0,2.44e-05
None0,741.0,862.0,0.000683494
None0,741.0,863.0,4.88e-05
None0,741.0,864.0,4.88e-05
None0,741.0,865.0,0.01354782
None0,741.0,867.0,7.32e-05
None0,741.0,868.0,0.000317336
None0,741.0,870.0,7.32e-05
None0,741.0,872.0,2.44e-05
None0,741.0,873.0,2.44e-05
None0,741.0,874.0,0.001196114
None0,741.0,877.0,2.44e-05
None0,741.0,879.0,7.32e-05
None0,741.0,883.0,0.000414978
None0,741.0,885.0,0.000610262
None0,741.0,887.0,7.32e-05
None0,741.0,888.0,2.44e-05
None0,741.0,890.0,2.44e-05
None0,741.0,896.0,2.44e-05
None0,741.0,897.0,0.000146463
None0,741.0,898.0,2.44e-05
None0,741.0,900.0,2.44e-05
None0,741.0,905.0,4.88e-05
None0,741.0,908.0,0.000146463
None0,741.0,915.0,7.32e-05
None0,741.0,918.0,2.44e-05
None0,741.0,919.0,0.000170873
None0,741.0,920.0,4.88e-05
None0,741.0,924.0,0.000366157
None0,741.0,928.0,0.000268515
None0,741.0,929.0,0.002563101
None0,741.0,931.0,2.44e-05
None0,741.0,933.0,4.88e-05
None0,741.0,934.0,4.88e-05
None0,741.0,935.0,2.44e-05
None0,741.0,946.0,2.44e-05
None0,741.0,947.0,2.44e-05
None0,741.0,948.0,0.000146463
None0,741.0,950.0,4.88e-05
None0,741.0,952.0,2.44e-05
None0,741.0,953.0,2.44e-05
None0,741.0,954.0,0.00102524
None0,741.0,955.0,2.44e-05
None0,741.0,957.0,2.44e-05
None0,741.0,958.0,2.44e-05
None0,741.0,962.0,0.001464629
None0,741.0,964.0,0.000756725
None0,741.0,965.0,0.000317336
None0,741.0,971.0,7.32e-05
None0,741.0,972.0,0.007396377
None0,741.0,978.0,0.000122052
None0,741.0,979.0,0.002587512
None0,741.0,980.0,0.002880437
None0,741.0,981.0,2.44e-05
None0,741.0,983.0,9.76e-05
None0,741.0,987.0,0.001537861
None0,741.0,988.0,7.32e-05
None0,741.0,989.0,0.000781136
None0,741.0,990.0,4.88e-05
None0,741.0,993.0,4.88e-05
None0,741.0,995.0,9.76e-05
None0,741.0,996.0,0.000414978
None0,741.0,998.0,2.44e-05
None0,741.0,1001.0,0.008616902
None0,741.0,1003.0,0.001074061
None0,741.0,1005.0,2.44e-05
None0,741.0,1007.0,2.44e-05
None0,741.0,1009.0,9.76e-05
None0,741.0,1010.0,2.44e-05
None0,741.0,1011.0,2.44e-05
None0,741.0,1012.0,2.44e-05
None0,741.0,1013.0,2.44e-05
None0,741.0,1014.0,2.44e-05
None0,741.0,1015.0,0.001074061
None0,741.0,1020.0,7.32e-05
None0,741.0,1025.0,0.000122052
None0,741.0,1026.0,4.88e-05
None0,741.0,1027.0,0.001171703
None0,741.0,1031.0,4.88e-05
None0,741.0,1032.0,0.000122052
None0,741.0,1036.0,2.44e-05
None0,741.0,1040.0,9.76e-05
None0,741.0,1042.0,7.32e-05
None0,741.0,1043.0,0.003222184
None0,741.0,1046.0,2.44e-05
None0,741.0,1047.0,0.000170873
None0,741.0,1048.0,2.44e-05
None0,741.0,1050.0,2.44e-05
None0,741.0,1052.0,0.000170873
None0,741.0,1053.0,4.88e-05
None0,741.0,1054.0,0.001611092
None0,741.0,1056.0,0.000146463
None0,741.0,1059.0,2.44e-05
None0,741.0,1060.0,7.32e-05
None0,741.0,1062.0,2.44e-05
None0,741.0,1067.0,2.44e-05
None0,741.0,1071.0,2.44e-05
None0,741.0,1072.0,2.44e-05
None0,741.0,1073.0,0.000146463
None0,741.0,1074.0,2.44e-05
None0,741.0,1077.0,2.44e-05
None0,741.0,1079.0,0.000146463
None0,741.0,1081.0,2.44e-05
None0,741.0,1083.0,2.44e-05
None0,741.0,1084.0,0.000195284
None0,741.0,1089.0,2.44e-05
None0,741.0,1090.0,0.000146463
None0,741.0,1092.0,7.32e-05
None0,741.0,1093.0,9.76e-05
None0,741.0,1096.0,7.32e-05
None0,741.0,1098.0,2.44e-05
None0,741.0,1100.0,2.44e-05
None0,741.0,1104.0,2.44e-05
None0,741.0,1110.0,7.32e-05
None0,741.0,1113.0,0.006566421
None0,741.0,1114.0,0.001269345
None0,741.0,1116.0,4.88e-05
None0,741.0,1117.0,2.44e-05
None0,741.0,1119.0,4.88e-05
None0,741.0,1120.0,7.32e-05
None0,741.0,1123.0,2.44e-05
None0,741.0,1124.0,0.000146463
None0,741.0,1131.0,2.44e-05
None0,741.0,1132.0,4.88e-05
None0,741.0,1135.0,0.000122052
None0,741.0,1137.0,0.000170873
None0,741.0,1140.0,0.000878778
None0,741.0,1143.0,0.000317336
None0,741.0,1144.0,0.000122052
None0,741.0,1146.0,2.44e-05
None0,741.0,1147.0,2.44e-05
None0,741.0,1149.0,2.44e-05
None0,741.0,1151.0,2.44e-05
None0,741.0,1154.0,2.44e-05
None0,741.0,1157.0,2.44e-05
None0,741.0,1158.0,2.44e-05
None0,741.0,1160.0,2.44e-05
None0,741.0,1161.0,2.44e-05
None0,741.0,1162.0,0.000146463
None0,741.0,1163.0,0.000414978
None0,741.0,1164.0,9.76e-05
None0,741.0,1165.0,2.44e-05
None0,741.0,1168.0,2.44e-05
None0,741.0,1169.0,2.44e-05
None0,741.0,1172.0,0.000805546
None0,741.0,1177.0,0.004808866
None0,741.0,1180.0,2.44e-05
None0,741.0,1181.0,4.88e-05
None0,741.0,1182.0,2.44e-05
None0,741.0,1186.0,0.000585852
None0,741.0,1192.0,2.44e-05
None0,741.0,1193.0,9.76e-05
None0,741.0,1198.0,2.44e-05
None0,741.0,1200.0,2.44e-05
None0,741.0,1202.0,4.88e-05
None0,741.0,1205.0,7.32e-05
None0,741.0,1208.0,0.000244105
None0,741.0,1209.0,2.44e-05
None0,741.0,1212.0,2.44e-05
None0,741.0,1214.0,2.44e-05
None0,741.0,1216.0,2.44e-05
None0,741.0,1220.0,2.44e-05
None0,741.0,1228.0,2.44e-05
None0,741.0,1231.0,4.88e-05
None0,741.0,1233.0,4.88e-05
None0,741.0,1235.0,0.000122052
None0,741.0,1237.0,4.88e-05
None0,741.0,1239.0,4.88e-05
None0,741.0,1241.0,0.000170873
None0,741.0,1244.0,9.76e-05
None0,741.0,1247.0,0.000146463
None0,741.0,1249.0,4.88e-05
None0,741.0,1250.0,0.003368647
None0,741.0,1252.0,0.000122052
None0,741.0,1253.0,2.44e-05
None0,741.0,1257.0,2.44e-05
None0,741.0,1258.0,2.44e-05
None0,741.0,1259.0,2.44e-05
None0,741.0,1260.0,2.44e-05
None0,741.0,1265.0,0.000122052
None0,741.0,1266.0,2.44e-05
None0,741.0,1270.0,0.000292926
None0,741.0,1271.0,0.001440219
None0,741.0,1274.0,0.000390568
None0,741.0,1275.0,2.44e-05
None0,741.0,1276.0,4.88e-05
None0,741.0,1277.0,2.44e-05
None0,741.0,1278.0,2.44e-05
None0,741.0,1280.0,9.76e-05
None0,741.0,1284.0,4.88e-05
None0,741.0,1285.0,2.44e-05
None0,741.0,1286.0,0.000146463
None0,741.0,1287.0,2.44e-05
None0,741.0,1293.0,4.88e-05
None0,741.0,1295.0,2.44e-05
None0,741.0,1299.0,0.000537031
None0,741.0,1301.0,0.000146463
None0,741.0,1302.0,4.88e-05
None0,741.0,1305.0,2.44e-05
None0,741.0,1306.0,0.000366157
None0,741.0,1313.0,2.44e-05
None0,741.0,1316.0,0.000341747
None0,741.0,1318.0,4.88e-05
None0,741.0,1320.0,2.44e-05
None0,741.0,1322.0,0.000122052
None0,741.0,1323.0,0.000170873
None0,741.0,1324.0,2.44e-05
None0,741.0,1325.0,2.44e-05
None0,741.0,1329.0,2.44e-05
None0,741.0,1330.0,2.44e-05
None0,741.0,1332.0,7.32e-05
None0,741.0,1335.0,2.44e-05
None0,741.0,1337.0,4.88e-05
None0,741.0,1338.0,0.000170873
None0,741.0,1341.0,0.001684324
None0,741.0,1342.0,0.004589172
None0,741.0,1345.0,7.32e-05
None0,741.0,1348.0,9.76e-05
None0,741.0,1349.0,2.44e-05
None0,741.0,1351.0,0.001269345
None0,741.0,1353.0,0.000170873
None0,741.0,1354.0,2.44e-05
None0,741.0,1358.0,0.000122052
None0,741.0,1359.0,4.88e-05
None0,741.0,1363.0,0.00148904
None0,741.0,1367.0,7.32e-05
None0,741.0,1370.0,2.44e-05
None0,741.0,1373.0,0.000366157
None0,741.0,1374.0,0.000122052
None0,741.0,1377.0,4.88e-05
None0,741.0,1379.0,4.88e-05
None0,741.0,1381.0,4.88e-05
None0,741.0,1382.0,2.44e-05
None0,741.0,1383.0,4.88e-05
None0,741.0,1384.0,4.88e-05
None0,741.0,1385.0,2.44e-05
None0,741.0,1386.0,9.76e-05
None0,741.0,1387.0,0.000634673
None0,741.0,1389.0,2.44e-05
None0,741.0,1392.0,0.000414978
None0,741.0,1395.0,0.000195284
None0,741.0,1397.0,2.44e-05
None0,741.0,1398.0,0.001806376
None0,741.0,1400.0,7.32e-05
None0,741.0,1402.0,0.000146463
None0,741.0,1403.0,2.44e-05
None0,741.0,1405.0,2.44e-05
None0,741.0,1406.0,4.88e-05
None0,741.0,1408.0,7.32e-05
None0,741.0,1411.0,2.44e-05
None0,741.0,1412.0,9.76e-05
None0,741.0,1413.0,7.32e-05
None0,741.0,1414.0,2.44e-05
None0,741.0,1415.0,4.88e-05
None0,741.0,1419.0,4.88e-05
None0,741.0,1420.0,0.000122052
None0,741.0,1422.0,0.000561441
None0,741.0,1425.0,0.000976419
None0,741.0,1427.0,2.44e-05
None0,741.0,1428.0,4.88e-05
None0,741.0,1430.0,2.44e-05
None0,741.0,1431.0,4.88e-05
None0,741.0,1434.0,2.44e-05
None0,741.0,1437.0,2.44e-05
None0,741.0,1440.0,2.44e-05
None0,741.0,1442.0,2.44e-05
None0,741.0,1444.0,2.44e-05
None0,741.0,1445.0,2.44e-05
None0,741.0,1447.0,2.44e-05
None0,741.0,1454.0,9.76e-05
None0,741.0,1456.0,2.44e-05
None0,741.0,1457.0,0.000146463
None0,741.0,1459.0,2.44e-05
None0,741.0,1462.0,0.000170873
None0,741.0,1465.0,9.76e-05
None0,741.0,1466.0,0.000244105
None0,741.0,1472.0,7.32e-05
None0,741.0,1477.0,2.44e-05
None0,741.0,1481.0,2.44e-05
None0,741.0,1483.0,9.76e-05
None0,741.0,1486.0,2.44e-05
None0,741.0,1490.0,2.44e-05
None0,741.0,1492.0,0.000170873
None0,741.0,1494.0,0.000146463
None0,741.0,1495.0,0.000122052
None0,741.0,1497.0,7.32e-05
None0,741.0,1498.0,4.88e-05
None0,741.0,1500.0,2.44e-05
None0,741.0,1503.0,9.76e-05
None0,741.0,1506.0,4.88e-05
None0,741.0,1509.0,0.003637163
None0,741.0,1510.0,2.44e-05
None0,741.0,1511.0,0.00048821
None0,741.0,1512.0,2.44e-05
None0,741.0,1514.0,0.000146463
None0,741.0,1519.0,0.000170873
None0,741.0,1520.0,0.000122052
None0,741.0,1522.0,0.000463799
None0,741.0,1523.0,4.88e-05
None0,741.0,1525.0,2.44e-05
None0,741.0,1526.0,0.000244105
None0,741.0,1528.0,0.000219694
None0,741.0,1535.0,2.44e-05
None0,741.0,1538.0,0.000292926
None0,741.0,1540.0,7.32e-05
None0,741.0,1541.0,0.000366157
None0,741.0,1543.0,7.32e-05
None0,741.0,1544.0,0.000268515
None0,741.0,1545.0,7.32e-05
None0,741.0,1551.0,4.88e-05
None0,741.0,1552.0,2.44e-05
None0,741.0,1555.0,2.44e-05
None0,741.0,1556.0,2.44e-05
None0,741.0,1557.0,2.44e-05
None0,741.0,1561.0,2.44e-05
None0,741.0,1563.0,2.44e-05
None0,741.0,1566.0,9.76e-05
None0,741.0,1568.0,2.44e-05
None0,741.0,1570.0,9.76e-05
None0,741.0,1571.0,2.44e-05
None0,741.0,1573.0,0.000122052
None0,741.0,1576.0,4.88e-05
None0,741.0,1578.0,2.44e-05
None0,741.0,1580.0,0.000781136
None0,741.0,1581.0,7.32e-05
None0,741.0,1584.0,0.003832446
None0,741.0,1586.0,0.002831616
None0,741.0,1591.0,9.76e-05
None0,741.0,1593.0,4.88e-05
None0,741.0,1595.0,2.44e-05
None0,741.0,1597.0,0.006053801
None0,741.0,1598.0,2.44e-05
None0,741.0,1599.0,0.000317336
None0,741.0,1605.0,2.44e-05
None0,741.0,1607.0,0.00100083
None0,741.0,1612.0,2.44e-05
None0,741.0,1614.0,2.44e-05
None0,741.0,1615.0,7.32e-05
None0,741.0,1616.0,0.004149783
None0,741.0,1617.0,2.44e-05
None0,741.0,1618.0,0.001049651
None0,741.0,1621.0,4.88e-05
None0,741.0,1624.0,0.000146463
None0,741.0,1625.0,0.000122052
None0,741.0,1626.0,4.88e-05
None0,741.0,1627.0,2.44e-05
None0,741.0,1628.0,0.002880437
None0,741.0,1634.0,2.44e-05
None0,741.0,1636.0,7.32e-05
None0,741.0,1639.0,2.44e-05
None0,741.0,1640.0,0.000317336
None0,741.0,1642.0,0.001611092
None0,741.0,1644.0,7.32e-05
None0,741.0,1651.0,2.44e-05
None0,741.0,1653.0,9.76e-05
None0,741.0,1654.0,0.000170873
None0,741.0,1655.0,7.32e-05
None0,741.0,1656.0,0.000122052
None0,741.0,1660.0,2.44e-05
None0,741.0,1663.0,2.44e-05
None0,741.0,1664.0,0.000122052
None0,741.0,1669.0,4.88e-05
None0,741.0,1674.0,2.44e-05
None0,741.0,1676.0,2.44e-05
None0,741.0,1677.0,4.88e-05
None0,741.0,1682.0,4.88e-05
None0,741.0,1684.0,4.88e-05
None0,741.0,1685.0,2.44e-05
None0,741.0,1687.0,0.000927598
None0,741.0,1693.0,2.44e-05
None0,741.0,1695.0,0.000781136
None0,741.0,1697.0,4.88e-05
None0,741.0,1701.0,0.000122052
None0,741.0,1702.0,0.000292926
None0,741.0,1704.0,4.88e-05
None0,741.0,1708.0,2.44e-05
None0,741.0,1709.0,4.88e-05
None0,741.0,1710.0,0.003197774
None0,741.0,1712.0,0.000122052
None0,741.0,1714.0,2.44e-05
None0,741.0,1715.0,4.88e-05
None0,741.0,1716.0,0.000146463
None0,741.0,1719.0,2.44e-05
None0,741.0,1720.0,2.44e-05
None0,741.0,1723.0,0.000170873
None0,741.0,1724.0,4.88e-05
None0,741.0,1727.0,0.000366157
None0,741.0,1728.0,9.76e-05
None0,741.0,1731.0,0.000390568
None0,741.0,1733.0,4.88e-05
None0,741.0,1741.0,7.32e-05
None0,741.0,1742.0,0.010227994
None0,741.0,1745.0,2.44e-05
None0,741.0,1746.0,2.44e-05
None0,741.0,1747.0,0.01100913
None0,741.0,1748.0,4.88e-05
None0,741.0,1749.0,0.000195284
None0,741.0,1752.0,2.44e-05
None0,741.0,1754.0,0.004564761
None0,741.0,1755.0,0.002782795
None0,741.0,1756.0,0.000390568
None0,741.0,1757.0,0.000122052
None0,741.0,1759.0,7.32e-05
None0,741.0,1764.0,2.44e-05
None0,741.0,1765.0,9.76e-05
None0,741.0,1766.0,2.44e-05
None0,741.0,1767.0,2.44e-05
None0,741.0,1773.0,0.000219694
None0,741.0,1775.0,4.88e-05
None0,741.0,1783.0,4.88e-05
None0,741.0,1785.0,4.88e-05
None0,741.0,1790.0,2.44e-05
None0,741.0,1793.0,2.44e-05
None0,741.0,1795.0,0.000146463
None0,741.0,1797.0,4.88e-05
None0,741.0,1802.0,4.88e-05
None0,741.0,1803.0,2.44e-05
None0,741.0,1804.0,0.000146463
None0,741.0,1805.0,0.000122052
None0,741.0,1809.0,4.88e-05
None0,741.0,1814.0,0.000268515
None0,741.0,1816.0,2.44e-05
None0,741.0,1817.0,2.44e-05
None0,741.0,1821.0,7.32e-05
None0,741.0,1823.0,2.44e-05
None0,741.0,1827.0,2.44e-05
None0,741.0,1829.0,2.44e-05
None0,741.0,1832.0,2.44e-05
None0,741.0,1834.0,0.000366157
None0,741.0,1837.0,2.44e-05
None0,741.0,1840.0,2.44e-05
None0,741.0,1841.0,4.88e-05
None0,741.0,1844.0,7.32e-05
None0,741.0,1846.0,0.000195284
None0,741.0,1847.0,2.44e-05
None0,741.0,1849.0,0.000122052
None0,741.0,1850.0,0.000146463
None0,741.0,1851.0,0.000122052
None0,741.0,1853.0,2.44e-05
None0,741.0,1857.0,0.000781136
None0,741.0,1861.0,2.44e-05
None0,741.0,1873.0,2.44e-05
None0,741.0,1877.0,7.32e-05
None0,741.0,1878.0,2.44e-05
None0,741.0,1887.0,2.44e-05
None0,741.0,1890.0,4.88e-05
None0,741.0,1892.0,2.44e-05
None0,741.0,1893.0,2.44e-05
None0,741.0,1895.0,9.76e-05
None0,741.0,1896.0,0.007054631
None0,741.0,1897.0,0.002270175
None0,741.0,1899.0,0.000146463
None0,741.0,1901.0,2.44e-05
None0,741.0,1902.0,2.44e-05
None0,741.0,1904.0,0.000219694
None0,741.0,1905.0,2.44e-05
None0,741.0,1907.0,0.000610262
None0,741.0,1908.0,0.000170873
None0,741.0,1911.0,0.000146463
None0,741.0,1913.0,0.000756725
None0,741.0,1915.0,0.000659083
None0,741.0,1921.0,0.000195284
None0,741.0,1922.0,2.44e-05
None0,741.0,1923.0,2.44e-05
None0,741.0,1926.0,2.44e-05
None0,741.0,1927.0,2.44e-05
None0,741.0,1930.0,2.44e-05
None0,741.0,1934.0,7.32e-05
None0,741.0,1935.0,2.44e-05
None0,741.0,1937.0,4.88e-05
None0,741.0,1944.0,9.76e-05
None0,741.0,1947.0,4.88e-05
None0,741.0,1948.0,0.000122052
None0,741.0,1950.0,2.44e-05
None0,741.0,1953.0,0.000146463
None0,741.0,1954.0,0.001977249
None0,741.0,1957.0,2.44e-05
None0,741.0,1959.0,7.32e-05
None0,741.0,1960.0,2.44e-05
None0,741.0,1963.0,7.32e-05
None0,741.0,1964.0,4.88e-05
None0,741.0,1965.0,0.000195284
None0,741.0,1966.0,2.44e-05
None0,741.0,1967.0,2.44e-05
None0,741.0,1970.0,2.44e-05
None0,741.0,1975.0,2.44e-05
None0,741.0,1977.0,0.000366157
None0,741.0,1988.0,2.44e-05
None0,741.0,1991.0,0.000170873
None0,741.0,1992.0,2.44e-05
None0,741.0,1993.0,2.44e-05
None0,741.0,1995.0,2.44e-05
None0,741.0,1997.0,0.000146463
None0,741.0,1998.0,2.44e-05
None0,742.0,0.0,5.1e-05
None0,742.0,2.0,0.001121591
None0,742.0,3.0,0.000611777
None0,742.0,4.0,0.000458833
None0,742.0,5.0,0.000152944
None0,742.0,6.0,0.000101963
None0,742.0,7.0,0.00035687
None0,742.0,12.0,0.002039256
None0,742.0,13.0,0.003415753
None0,742.0,15.0,5.1e-05
None0,742.0,17.0,0.000101963
None0,742.0,21.0,0.000101963
None0,742.0,24.0,0.000152944
None0,742.0,26.0,0.000101963
None0,742.0,27.0,0.002956921
None0,742.0,28.0,5.1e-05
None0,742.0,29.0,0.001937293
None0,742.0,30.0,0.000458833
None0,742.0,31.0,0.00035687
None0,742.0,33.0,0.001223553
None0,742.0,34.0,0.000101963
None0,742.0,35.0,5.1e-05
None0,742.0,36.0,0.000203926
None0,742.0,37.0,0.003721642
None0,742.0,38.0,0.005404028
None0,742.0,39.0,5.1e-05
None0,742.0,40.0,0.000101963
None0,742.0,41.0,5.1e-05
None0,742.0,42.0,0.000101963
None0,742.0,43.0,0.000101963
None0,742.0,46.0,5.1e-05
None0,742.0,47.0,0.000101963
None0,742.0,49.0,0.000254907
None0,742.0,50.0,0.000152944
None0,742.0,52.0,5.1e-05
None0,742.0,54.0,0.000101963
None0,742.0,56.0,5.1e-05
None0,742.0,58.0,0.000254907
None0,742.0,60.0,0.000254907
None0,742.0,61.0,5.1e-05
None0,742.0,63.0,0.000458833
None0,742.0,64.0,5.1e-05
None0,742.0,65.0,0.000101963
None0,742.0,66.0,5.1e-05
None0,742.0,68.0,0.000101963
None0,742.0,69.0,0.00035687
None0,742.0,72.0,5.1e-05
None0,742.0,74.0,5.1e-05
None0,742.0,75.0,5.1e-05
None0,742.0,77.0,0.000101963
None0,742.0,79.0,5.1e-05
None0,742.0,82.0,0.000152944
None0,742.0,84.0,0.000101963
None0,742.0,88.0,0.000662758
None0,742.0,89.0,0.000101963
None0,742.0,91.0,0.000458833
None0,742.0,105.0,0.000101963
None0,742.0,106.0,0.000152944
None0,742.0,113.0,5.1e-05
None0,742.0,123.0,5.1e-05
None0,742.0,128.0,0.000203926
None0,742.0,131.0,5.1e-05
None0,742.0,133.0,5.1e-05
None0,742.0,159.0,0.000152944
None0,742.0,163.0,5.1e-05
None0,742.0,168.0,0.000203926
None0,742.0,169.0,0.000458833
None0,742.0,171.0,0.001325516
None0,742.0,175.0,5.1e-05
None0,742.0,177.0,0.001223553
None0,742.0,178.0,0.000101963
None0,742.0,179.0,5.1e-05
None0,742.0,180.0,0.002039256
None0,742.0,182.0,5.1e-05
None0,742.0,184.0,5.1e-05
None0,742.0,185.0,0.000152944
None0,742.0,187.0,0.000560795
None0,742.0,189.0,0.000662758
None0,742.0,190.0,0.000713739
None0,742.0,191.0,0.001325516
None0,742.0,192.0,0.000152944
None0,742.0,194.0,0.000611777
None0,742.0,195.0,0.000662758
None0,742.0,198.0,0.002294163
None0,742.0,200.0,0.000101963
None0,742.0,201.0,0.000101963
None0,742.0,227.0,0.003262809
None0,742.0,228.0,0.000509814
None0,742.0,229.0,0.000764721
None0,742.0,230.0,0.00035687
None0,742.0,233.0,0.000101963
None0,742.0,234.0,5.1e-05
None0,742.0,235.0,5.1e-05
None0,742.0,237.0,0.00035687
None0,742.0,238.0,0.000152944
None0,742.0,241.0,0.000203926
None0,742.0,243.0,0.003925567
None0,742.0,246.0,5.1e-05
None0,742.0,247.0,0.000866684
None0,742.0,248.0,0.000764721
None0,742.0,249.0,0.000764721
None0,742.0,250.0,0.000509814
None0,742.0,251.0,0.000101963
None0,742.0,252.0,0.001325516
None0,742.0,253.0,5.1e-05
None0,742.0,254.0,0.000152944
None0,742.0,255.0,0.00035687
None0,742.0,256.0,0.000101963
None0,742.0,257.0,0.000101963
None0,742.0,258.0,0.000101963
None0,742.0,259.0,0.000152944
None0,742.0,260.0,5.1e-05
None0,742.0,261.0,0.001580423
None0,742.0,266.0,0.000101963
None0,742.0,267.0,0.000101963
None0,742.0,270.0,0.002854958
None0,742.0,271.0,0.001733367
None0,742.0,275.0,0.000152944
None0,742.0,276.0,0.004945195
None0,742.0,286.0,0.003772623
None0,742.0,287.0,5.1e-05
None0,742.0,288.0,0.000764721
None0,742.0,291.0,0.000407851
None0,742.0,301.0,0.001631405
None0,742.0,302.0,0.000101963
None0,742.0,304.0,0.001172572
None0,742.0,305.0,5.1e-05
None0,742.0,309.0,0.001172572
None0,742.0,310.0,0.000152944
None0,742.0,314.0,0.000101963
None0,742.0,315.0,5.1e-05
None0,742.0,317.0,5.1e-05
None0,742.0,319.0,0.000203926
None0,742.0,322.0,5.1e-05
None0,742.0,323.0,0.000305888
None0,742.0,325.0,0.000101963
None0,742.0,333.0,0.00035687
None0,742.0,353.0,0.000101963
None0,742.0,356.0,0.000152944
None0,742.0,358.0,5.1e-05
None0,742.0,364.0,0.003058884
None0,742.0,365.0,5.1e-05
None0,742.0,367.0,0.000101963
None0,742.0,369.0,0.000254907
None0,742.0,370.0,0.000407851
None0,742.0,371.0,0.003211828
None0,742.0,372.0,0.000101963
None0,742.0,376.0,0.000101963
None0,742.0,377.0,5.1e-05
None0,742.0,378.0,0.010859036
None0,742.0,379.0,0.000305888
None0,742.0,380.0,0.00035687
None0,742.0,381.0,5.1e-05
None0,742.0,382.0,0.005251083
None0,742.0,383.0,0.000509814
None0,742.0,387.0,0.000560795
None0,742.0,388.0,0.000203926
None0,742.0,389.0,0.000254907
None0,742.0,390.0,0.000101963
None0,742.0,391.0,0.00035687
None0,742.0,394.0,0.000152944
None0,742.0,398.0,0.009584502
None0,742.0,399.0,0.000101963
None0,742.0,401.0,5.1e-05
None0,742.0,405.0,0.000101963
None0,742.0,409.0,0.002090237
None0,742.0,410.0,0.000101963
None0,742.0,411.0,0.004231456
None0,742.0,412.0,5.1e-05
None0,742.0,413.0,0.000101963
None0,742.0,417.0,0.000101963
None0,742.0,419.0,0.005149121
None0,742.0,420.0,0.000713739
None0,742.0,423.0,5.1e-05
None0,742.0,424.0,0.000407851
None0,742.0,425.0,0.000407851
None0,742.0,426.0,0.000101963
None0,742.0,427.0,0.000101963
None0,742.0,428.0,5.1e-05
None0,742.0,429.0,0.000203926
None0,742.0,432.0,0.000305888
None0,742.0,439.0,0.001019628
None0,742.0,441.0,0.000101963
None0,742.0,442.0,0.000713739
None0,742.0,443.0,5.1e-05
None0,742.0,445.0,0.000305888
None0,742.0,446.0,0.000152944
None0,742.0,447.0,0.000152944
None0,742.0,448.0,5.1e-05
None0,742.0,450.0,5.1e-05
None0,742.0,451.0,5.1e-05
None0,742.0,453.0,5.1e-05
None0,742.0,454.0,0.000152944
None0,742.0,457.0,0.002702014
None0,742.0,458.0,0.000203926
None0,742.0,462.0,0.05750701
None0,742.0,465.0,0.00035687
None0,742.0,466.0,0.000254907
None0,742.0,467.0,0.000254907
None0,742.0,468.0,0.000203926
None0,742.0,469.0,0.000254907
None0,742.0,472.0,0.003721642
None0,742.0,473.0,0.001886311
None0,742.0,474.0,0.000101963
None0,742.0,475.0,5.1e-05
None0,742.0,478.0,0.0021922
None0,742.0,480.0,5.1e-05
None0,742.0,483.0,0.00035687
None0,742.0,484.0,0.000203926
None0,742.0,488.0,5.1e-05
None0,742.0,489.0,0.000101963
None0,742.0,490.0,0.001682386
None0,742.0,494.0,0.000101963
None0,742.0,495.0,5.1e-05
None0,742.0,501.0,0.000254907
None0,742.0,505.0,0.000560795
None0,742.0,506.0,0.00254907
None0,742.0,511.0,0.000101963
None0,742.0,513.0,5.1e-05
None0,742.0,515.0,0.000560795
None0,742.0,517.0,0.000254907
None0,742.0,520.0,0.000254907
None0,742.0,523.0,0.000662758
None0,742.0,524.0,5.1e-05
None0,742.0,526.0,0.000101963
None0,742.0,528.0,0.001427479
None0,742.0,530.0,0.000458833
None0,742.0,531.0,0.000101963
None0,742.0,533.0,0.003007902
None0,742.0,543.0,5.1e-05
None0,742.0,545.0,0.001325516
None0,742.0,546.0,0.000509814
None0,742.0,551.0,5.1e-05
None0,742.0,552.0,0.000101963
None0,742.0,553.0,0.000713739
None0,742.0,554.0,0.000305888
None0,742.0,555.0,0.000101963
None0,742.0,557.0,0.000917665
None0,742.0,561.0,0.000101963
None0,742.0,564.0,0.000713739
None0,742.0,565.0,5.1e-05
None0,742.0,566.0,0.000101963
None0,742.0,567.0,0.000101963
None0,742.0,568.0,0.000101963
None0,742.0,569.0,5.1e-05
None0,742.0,570.0,5.1e-05
None0,742.0,572.0,0.000152944
None0,742.0,574.0,5.1e-05
None0,742.0,579.0,5.1e-05
None0,742.0,580.0,0.000101963
None0,742.0,581.0,0.001070609
None0,742.0,582.0,0.00035687
None0,742.0,583.0,0.000152944
None0,742.0,587.0,0.000407851
None0,742.0,588.0,5.1e-05
None0,742.0,589.0,0.000101963
None0,742.0,592.0,5.1e-05
None0,742.0,593.0,5.1e-05
None0,742.0,594.0,0.000101963
None0,742.0,595.0,0.000509814
None0,742.0,599.0,5.1e-05
None0,742.0,601.0,0.000458833
None0,742.0,602.0,0.000152944
None0,742.0,604.0,5.1e-05
None0,742.0,606.0,0.000101963
None0,742.0,609.0,5.1e-05
None0,742.0,611.0,0.000254907
None0,742.0,613.0,0.000815702
None0,742.0,614.0,0.000458833
None0,742.0,615.0,0.000101963
None0,742.0,616.0,0.000152944
None0,742.0,617.0,5.1e-05
None0,742.0,619.0,0.000101963
None0,742.0,621.0,0.000509814
None0,742.0,622.0,0.000152944
None0,742.0,623.0,0.000764721
None0,742.0,624.0,5.1e-05
None0,742.0,627.0,5.1e-05
None0,742.0,631.0,5.1e-05
None0,742.0,633.0,5.1e-05
None0,742.0,634.0,0.000101963
None0,742.0,635.0,0.000254907
None0,742.0,637.0,0.000764721
None0,742.0,638.0,0.000101963
None0,742.0,639.0,0.000101963
None0,742.0,640.0,0.000101963
None0,742.0,641.0,5.1e-05
None0,742.0,644.0,0.002396125
None0,742.0,645.0,0.000152944
None0,742.0,646.0,0.000152944
None0,742.0,651.0,5.1e-05
None0,742.0,653.0,5.1e-05
None0,742.0,654.0,5.1e-05
None0,742.0,655.0,0.022839664
None0,742.0,657.0,0.000101963
None0,742.0,660.0,0.000101963
None0,742.0,663.0,0.000203926
None0,742.0,664.0,5.1e-05
None0,742.0,665.0,0.000101963
None0,742.0,666.0,0.000101963
None0,742.0,667.0,0.000611777
None0,742.0,669.0,0.000815702
None0,742.0,673.0,0.002447107
None0,742.0,675.0,0.000152944
None0,742.0,676.0,0.001325516
None0,742.0,681.0,0.000254907
None0,742.0,683.0,0.004741269
None0,742.0,689.0,0.000101963
None0,742.0,690.0,5.1e-05
None0,742.0,691.0,0.001631405
None0,742.0,696.0,0.000203926
None0,742.0,698.0,0.002294163
None0,742.0,699.0,0.000152944
None0,742.0,700.0,0.000203926
None0,742.0,702.0,0.000152944
None0,742.0,705.0,0.005353046
None0,742.0,706.0,0.000305888
None0,742.0,708.0,5.1e-05
None0,742.0,710.0,0.00035687
None0,742.0,711.0,0.000101963
None0,742.0,712.0,0.000101963
None0,742.0,713.0,0.000152944
None0,742.0,714.0,0.000917665
None0,742.0,716.0,5.1e-05
None0,742.0,717.0,0.000713739
None0,742.0,718.0,0.000458833
None0,742.0,719.0,0.000458833
None0,742.0,723.0,0.000101963
None0,742.0,728.0,5.1e-05
None0,742.0,729.0,5.1e-05
None0,742.0,733.0,5.1e-05
None0,742.0,734.0,0.000254907
None0,742.0,735.0,5.1e-05
None0,742.0,736.0,5.1e-05
None0,742.0,739.0,5.1e-05
None0,742.0,740.0,5.1e-05
None0,742.0,741.0,5.1e-05
None0,742.0,743.0,0.001274535
None0,742.0,744.0,0.000254907
None0,742.0,745.0,0.000305888
None0,742.0,747.0,0.000968646
None0,742.0,748.0,0.007035432
None0,742.0,750.0,5.1e-05
None0,742.0,751.0,0.000203926
None0,742.0,753.0,5.1e-05
None0,742.0,755.0,5.1e-05
None0,742.0,756.0,5.1e-05
None0,742.0,759.0,5.1e-05
None0,742.0,761.0,0.000305888
None0,742.0,762.0,0.000101963
None0,742.0,765.0,0.000305888
None0,742.0,766.0,0.00035687
None0,742.0,767.0,0.001223553
None0,742.0,768.0,0.000254907
None0,742.0,769.0,5.1e-05
None0,742.0,771.0,5.1e-05
None0,742.0,772.0,0.000254907
None0,742.0,773.0,0.000152944
None0,742.0,774.0,0.000101963
None0,742.0,780.0,0.000305888
None0,742.0,782.0,5.1e-05
None0,742.0,784.0,0.000917665
None0,742.0,785.0,0.000254907
None0,742.0,791.0,5.1e-05
None0,742.0,795.0,0.000152944
None0,742.0,797.0,0.003211828
None0,742.0,798.0,0.007443283
None0,742.0,800.0,0.005047158
None0,742.0,802.0,0.000152944
None0,742.0,803.0,5.1e-05
None0,742.0,804.0,0.000101963
None0,742.0,805.0,5.1e-05
None0,742.0,806.0,0.003823604
None0,742.0,807.0,0.000764721
None0,742.0,808.0,0.008921744
None0,742.0,810.0,0.000662758
None0,742.0,814.0,0.013306143
None0,742.0,816.0,0.000407851
None0,742.0,817.0,0.000152944
None0,742.0,818.0,0.0021922
None0,742.0,820.0,0.006933469
None0,742.0,822.0,0.000152944
None0,742.0,825.0,0.000152944
None0,742.0,826.0,5.1e-05
None0,742.0,828.0,5.1e-05
None0,742.0,830.0,0.000101963
None0,742.0,834.0,5.1e-05
None0,742.0,835.0,0.000101963
None0,742.0,836.0,5.1e-05
None0,742.0,837.0,5.1e-05
None0,742.0,839.0,0.000407851
None0,742.0,840.0,0.000305888
None0,742.0,842.0,5.1e-05
None0,742.0,843.0,5.1e-05
None0,742.0,845.0,0.00035687
None0,742.0,847.0,0.000713739
None0,742.0,848.0,0.000917665
None0,742.0,849.0,0.000152944
None0,742.0,850.0,0.000152944
None0,742.0,853.0,0.000101963
None0,742.0,854.0,0.003772623
None0,742.0,856.0,5.1e-05
None0,742.0,857.0,5.1e-05
None0,742.0,858.0,0.000101963
None0,742.0,859.0,0.009227632
None0,742.0,860.0,5.1e-05
None0,742.0,861.0,0.000152944
None0,742.0,862.0,0.000866684
None0,742.0,863.0,0.00035687
None0,742.0,864.0,5.1e-05
None0,742.0,865.0,0.001580423
None0,742.0,867.0,0.000101963
None0,742.0,868.0,0.000866684
None0,742.0,872.0,0.000101963
None0,742.0,874.0,0.000917665
None0,742.0,875.0,0.000101963
None0,742.0,876.0,5.1e-05
None0,742.0,877.0,5.1e-05
None0,742.0,881.0,5.1e-05
None0,742.0,883.0,0.000101963
None0,742.0,884.0,0.000101963
None0,742.0,885.0,0.000611777
None0,742.0,886.0,0.002905939
None0,742.0,887.0,0.000662758
None0,742.0,888.0,5.1e-05
None0,742.0,889.0,5.1e-05
None0,742.0,892.0,0.000254907
None0,742.0,894.0,0.000152944
None0,742.0,896.0,5.1e-05
None0,742.0,897.0,0.000254907
None0,742.0,898.0,0.000101963
None0,742.0,900.0,0.000203926
None0,742.0,902.0,0.000254907
None0,742.0,908.0,0.000203926
None0,742.0,915.0,0.000305888
None0,742.0,916.0,0.000152944
None0,742.0,919.0,0.000101963
None0,742.0,921.0,0.001784349
None0,742.0,922.0,0.00331379
None0,742.0,924.0,5.1e-05
None0,742.0,925.0,0.000101963
None0,742.0,928.0,5.1e-05
None0,742.0,929.0,0.000305888
None0,742.0,930.0,5.1e-05
None0,742.0,932.0,0.000203926
None0,742.0,935.0,0.000509814
None0,742.0,936.0,0.000458833
None0,742.0,937.0,0.000152944
None0,742.0,940.0,0.000152944
None0,742.0,947.0,5.1e-05
None0,742.0,949.0,0.000101963
None0,742.0,950.0,0.001325516
None0,742.0,952.0,5.1e-05
None0,742.0,953.0,0.000203926
None0,742.0,954.0,0.002294163
None0,742.0,955.0,5.1e-05
None0,742.0,958.0,0.004486362
None0,742.0,959.0,5.1e-05
None0,742.0,960.0,0.00035687
None0,742.0,962.0,5.1e-05
None0,742.0,963.0,0.00035687
None0,742.0,964.0,0.000509814
None0,742.0,965.0,0.000713739
None0,742.0,966.0,5.1e-05
None0,742.0,967.0,0.000305888
None0,742.0,968.0,0.000254907
None0,742.0,970.0,0.001427479
None0,742.0,971.0,0.000101963
None0,742.0,972.0,0.000611777
None0,742.0,976.0,0.000101963
None0,742.0,977.0,0.000305888
None0,742.0,978.0,0.000458833
None0,742.0,979.0,0.000407851
None0,742.0,980.0,0.000458833
None0,742.0,981.0,5.1e-05
None0,742.0,983.0,5.1e-05
None0,742.0,984.0,0.000203926
None0,742.0,987.0,5.1e-05
None0,742.0,988.0,5.1e-05
None0,742.0,989.0,0.000254907
None0,742.0,990.0,0.004537344
None0,742.0,992.0,0.000305888
None0,742.0,993.0,5.1e-05
None0,742.0,994.0,0.002702014
None0,742.0,996.0,0.000101963
None0,742.0,1000.0,0.000509814
None0,742.0,1001.0,0.000305888
None0,742.0,1003.0,0.000866684
None0,742.0,1004.0,5.1e-05
None0,742.0,1006.0,0.000254907
None0,742.0,1007.0,0.000662758
None0,742.0,1010.0,5.1e-05
None0,742.0,1012.0,5.1e-05
None0,742.0,1013.0,5.1e-05
None0,742.0,1015.0,0.000764721
None0,742.0,1016.0,5.1e-05
None0,742.0,1018.0,0.000152944
None0,742.0,1020.0,0.000101963
None0,742.0,1021.0,0.000662758
None0,742.0,1025.0,0.000203926
None0,742.0,1026.0,5.1e-05
None0,742.0,1027.0,0.000101963
None0,742.0,1030.0,5.1e-05
None0,742.0,1031.0,0.002141218
None0,742.0,1032.0,5.1e-05
None0,742.0,1039.0,0.000101963
None0,742.0,1041.0,5.1e-05
None0,742.0,1042.0,0.000764721
None0,742.0,1043.0,0.00254907
None0,742.0,1044.0,0.000101963
None0,742.0,1047.0,0.003058884
None0,742.0,1050.0,0.004486362
None0,742.0,1051.0,5.1e-05
None0,742.0,1052.0,0.000764721
None0,742.0,1053.0,5.1e-05
None0,742.0,1054.0,0.002905939
None0,742.0,1056.0,5.1e-05
None0,742.0,1058.0,5.1e-05
None0,742.0,1059.0,0.000203926
None0,742.0,1060.0,0.000254907
None0,742.0,1065.0,0.000203926
None0,742.0,1066.0,5.1e-05
None0,742.0,1068.0,0.000203926
None0,742.0,1071.0,0.000305888
None0,742.0,1072.0,0.000101963
None0,742.0,1073.0,0.000152944
None0,742.0,1074.0,5.1e-05
None0,742.0,1078.0,0.001376498
None0,742.0,1081.0,0.000407851
None0,742.0,1082.0,0.000152944
None0,742.0,1084.0,0.001784349
None0,742.0,1085.0,5.1e-05
None0,742.0,1088.0,5.1e-05
None0,742.0,1090.0,0.000713739
None0,742.0,1092.0,0.000101963
None0,742.0,1094.0,0.000203926
None0,742.0,1095.0,5.1e-05
None0,742.0,1097.0,5.1e-05
None0,742.0,1098.0,0.000152944
None0,742.0,1099.0,0.000458833
None0,742.0,1101.0,5.1e-05
None0,742.0,1104.0,0.001070609
None0,742.0,1106.0,0.000611777
None0,742.0,1110.0,0.000509814
None0,742.0,1113.0,0.000101963
None0,742.0,1114.0,0.001223553
None0,742.0,1116.0,0.000917665
None0,742.0,1117.0,5.1e-05
None0,742.0,1119.0,5.1e-05
None0,742.0,1121.0,0.000101963
None0,742.0,1124.0,0.000203926
None0,742.0,1125.0,5.1e-05
None0,742.0,1132.0,5.1e-05
None0,742.0,1134.0,5.1e-05
None0,742.0,1135.0,0.000305888
None0,742.0,1136.0,5.1e-05
None0,742.0,1137.0,0.000305888
None0,742.0,1138.0,0.002803977
None0,742.0,1139.0,5.1e-05
None0,742.0,1140.0,0.001070609
None0,742.0,1142.0,5.1e-05
None0,742.0,1143.0,0.000203926
None0,742.0,1144.0,0.000611777
None0,742.0,1147.0,5.1e-05
None0,742.0,1153.0,0.003517716
None0,742.0,1155.0,5.1e-05
None0,742.0,1156.0,0.000152944
None0,742.0,1158.0,5.1e-05
None0,742.0,1160.0,0.000101963
None0,742.0,1162.0,0.000101963
None0,742.0,1163.0,0.0043844
None0,742.0,1164.0,0.00035687
None0,742.0,1165.0,5.1e-05
None0,742.0,1167.0,5.1e-05
None0,742.0,1169.0,5.1e-05
None0,742.0,1170.0,0.000203926
None0,742.0,1172.0,0.001784349
None0,742.0,1174.0,0.000101963
None0,742.0,1177.0,0.002752995
None0,742.0,1178.0,5.1e-05
None0,742.0,1179.0,5.1e-05
None0,742.0,1180.0,5.1e-05
None0,742.0,1182.0,0.010960999
None0,742.0,1183.0,0.000101963
None0,742.0,1186.0,0.000101963
None0,742.0,1187.0,0.042008667
None0,742.0,1188.0,0.000152944
None0,742.0,1189.0,0.000101963
None0,742.0,1192.0,0.000152944
None0,742.0,1193.0,0.000101963
None0,742.0,1196.0,0.002243181
None0,742.0,1198.0,0.000152944
None0,742.0,1200.0,0.000101963
None0,742.0,1205.0,0.000101963
None0,742.0,1208.0,0.000509814
None0,742.0,1209.0,0.000101963
None0,742.0,1210.0,5.1e-05
None0,742.0,1214.0,0.000101963
None0,742.0,1216.0,5.1e-05
None0,742.0,1219.0,5.1e-05
None0,742.0,1220.0,5.1e-05
None0,742.0,1224.0,0.000815702
None0,742.0,1228.0,0.000407851
None0,742.0,1233.0,0.000152944
None0,742.0,1234.0,5.1e-05
None0,742.0,1235.0,0.000305888
None0,742.0,1237.0,0.000407851
None0,742.0,1238.0,0.030894723
None0,742.0,1239.0,0.001223553
None0,742.0,1241.0,0.000815702
None0,742.0,1242.0,0.001784349
None0,742.0,1243.0,0.000152944
None0,742.0,1244.0,0.006117767
None0,742.0,1247.0,0.000152944
None0,742.0,1248.0,5.1e-05
None0,742.0,1250.0,0.000101963
None0,742.0,1251.0,0.000101963
None0,742.0,1252.0,0.000152944
None0,742.0,1253.0,0.000203926
None0,742.0,1257.0,0.000101963
None0,742.0,1258.0,0.000152944
None0,742.0,1259.0,0.000305888
None0,742.0,1262.0,5.1e-05
None0,742.0,1263.0,0.000458833
None0,742.0,1264.0,0.012235534
None0,742.0,1265.0,5.1e-05
None0,742.0,1266.0,0.000101963
None0,742.0,1267.0,5.1e-05
None0,742.0,1270.0,0.000305888
None0,742.0,1271.0,0.003568697
None0,742.0,1272.0,0.000101963
None0,742.0,1273.0,0.005556972
None0,742.0,1274.0,0.006984451
None0,742.0,1277.0,0.000305888
None0,742.0,1279.0,0.000407851
None0,742.0,1280.0,0.000101963
None0,742.0,1286.0,0.000407851
None0,742.0,1287.0,0.015243436
None0,742.0,1290.0,0.001580423
None0,742.0,1291.0,0.000203926
None0,742.0,1293.0,0.000458833
None0,742.0,1299.0,5.1e-05
None0,742.0,1301.0,0.000254907
None0,742.0,1302.0,5.1e-05
None0,742.0,1306.0,0.000458833
None0,742.0,1313.0,5.1e-05
None0,742.0,1316.0,0.000560795
None0,742.0,1320.0,0.000101963
None0,742.0,1322.0,5.1e-05
None0,742.0,1323.0,0.000152944
None0,742.0,1329.0,0.007545246
None0,742.0,1332.0,0.027886821
None0,742.0,1334.0,5.1e-05
None0,742.0,1336.0,0.000203926
None0,742.0,1337.0,0.000101963
None0,742.0,1338.0,0.000152944
None0,742.0,1341.0,0.003619679
None0,742.0,1342.0,5.1e-05
None0,742.0,1345.0,5.1e-05
None0,742.0,1348.0,0.003466735
None0,742.0,1350.0,0.000101963
None0,742.0,1351.0,0.000101963
None0,742.0,1352.0,0.000101963
None0,742.0,1353.0,0.000305888
None0,742.0,1354.0,0.003517716
None0,742.0,1355.0,0.000101963
None0,742.0,1356.0,0.025439715
None0,742.0,1357.0,0.000101963
None0,742.0,1358.0,0.000254907
None0,742.0,1360.0,5.1e-05
None0,742.0,1361.0,5.1e-05
None0,742.0,1367.0,5.1e-05
None0,742.0,1369.0,5.1e-05
None0,742.0,1373.0,0.000458833
None0,742.0,1375.0,5.1e-05
None0,742.0,1377.0,0.000152944
None0,742.0,1378.0,0.000101963
None0,742.0,1379.0,0.000713739
None0,742.0,1380.0,0.000152944
None0,742.0,1383.0,0.000101963
None0,742.0,1384.0,0.000305888
None0,742.0,1385.0,0.000815702
None0,742.0,1386.0,5.1e-05
None0,742.0,1387.0,0.006270711
None0,742.0,1392.0,0.000917665
None0,742.0,1395.0,0.011878664
None0,742.0,1396.0,0.000101963
None0,742.0,1397.0,0.000305888
None0,742.0,1400.0,0.000560795
None0,742.0,1401.0,5.1e-05
None0,742.0,1408.0,0.00331379
None0,742.0,1410.0,0.000152944
None0,742.0,1412.0,5.1e-05
None0,742.0,1413.0,0.000407851
None0,742.0,1415.0,5.1e-05
None0,742.0,1416.0,0.000101963
None0,742.0,1419.0,0.000713739
None0,742.0,1420.0,0.000458833
None0,742.0,1422.0,0.000101963
None0,742.0,1423.0,0.00035687
None0,742.0,1424.0,0.001580423
None0,742.0,1425.0,0.002447107
None0,742.0,1429.0,0.000917665
None0,742.0,1431.0,0.006933469
None0,742.0,1434.0,5.1e-05
None0,742.0,1437.0,5.1e-05
None0,742.0,1440.0,5.1e-05
None0,742.0,1443.0,0.000509814
None0,742.0,1445.0,0.004537344
None0,742.0,1448.0,5.1e-05
None0,742.0,1450.0,0.000101963
None0,742.0,1454.0,0.000560795
None0,742.0,1455.0,5.1e-05
None0,742.0,1456.0,0.000254907
None0,742.0,1457.0,0.000101963
None0,742.0,1458.0,5.1e-05
None0,742.0,1461.0,0.000764721
None0,742.0,1462.0,0.000815702
None0,742.0,1465.0,0.000101963
None0,742.0,1466.0,0.001121591
None0,742.0,1467.0,0.000662758
None0,742.0,1468.0,5.1e-05
None0,742.0,1469.0,5.1e-05
None0,742.0,1472.0,0.000254907
None0,742.0,1473.0,5.1e-05
None0,742.0,1477.0,5.1e-05
None0,742.0,1478.0,0.000407851
None0,742.0,1484.0,5.1e-05
None0,742.0,1486.0,0.000203926
None0,742.0,1488.0,0.000152944
None0,742.0,1494.0,5.1e-05
None0,742.0,1495.0,0.000101963
None0,742.0,1497.0,0.000203926
None0,742.0,1498.0,5.1e-05
None0,742.0,1501.0,0.004486362
None0,742.0,1503.0,5.1e-05
None0,742.0,1505.0,0.000560795
None0,742.0,1506.0,0.001121591
None0,742.0,1507.0,0.000815702
None0,742.0,1509.0,0.001172572
None0,742.0,1510.0,0.000152944
None0,742.0,1511.0,0.000458833
None0,742.0,1512.0,5.1e-05
None0,742.0,1514.0,0.000203926
None0,742.0,1515.0,5.1e-05
None0,742.0,1519.0,5.1e-05
None0,742.0,1520.0,0.000152944
None0,742.0,1522.0,0.001325516
None0,742.0,1523.0,0.000101963
None0,742.0,1525.0,0.001784349
None0,742.0,1526.0,0.000611777
None0,742.0,1528.0,0.000152944
None0,742.0,1529.0,0.00805506
None0,742.0,1530.0,0.000101963
None0,742.0,1538.0,5.1e-05
None0,742.0,1541.0,0.000968646
None0,742.0,1543.0,5.1e-05
None0,742.0,1546.0,0.002243181
None0,742.0,1550.0,5.1e-05
None0,742.0,1551.0,0.007086413
None0,742.0,1553.0,5.1e-05
None0,742.0,1555.0,0.000101963
None0,742.0,1559.0,5.1e-05
None0,742.0,1561.0,0.000152944
None0,742.0,1562.0,0.000101963
None0,742.0,1563.0,0.000866684
None0,742.0,1566.0,0.006729544
None0,742.0,1569.0,5.1e-05
None0,742.0,1573.0,0.000560795
None0,742.0,1575.0,5.1e-05
None0,742.0,1578.0,0.000152944
None0,742.0,1579.0,0.000560795
None0,742.0,1580.0,0.000305888
None0,742.0,1581.0,5.1e-05
None0,742.0,1582.0,5.1e-05
None0,742.0,1585.0,0.000101963
None0,742.0,1586.0,0.000560795
None0,742.0,1588.0,0.000713739
None0,742.0,1593.0,0.000203926
None0,742.0,1595.0,5.1e-05
None0,742.0,1597.0,0.002141218
None0,742.0,1599.0,0.00183533
None0,742.0,1600.0,5.1e-05
None0,742.0,1602.0,0.000101963
None0,742.0,1605.0,5.1e-05
None0,742.0,1614.0,0.000968646
None0,742.0,1616.0,0.000968646
None0,742.0,1617.0,0.000152944
None0,742.0,1618.0,0.000764721
None0,742.0,1620.0,5.1e-05
None0,742.0,1621.0,5.1e-05
None0,742.0,1625.0,0.000764721
None0,742.0,1627.0,5.1e-05
None0,742.0,1628.0,0.000662758
None0,742.0,1631.0,0.000152944
None0,742.0,1636.0,0.000152944
None0,742.0,1637.0,5.1e-05
None0,742.0,1638.0,5.1e-05
None0,742.0,1639.0,0.000152944
None0,742.0,1640.0,0.00035687
None0,742.0,1642.0,0.000662758
None0,742.0,1644.0,0.000509814
None0,742.0,1648.0,0.000203926
None0,742.0,1649.0,5.1e-05
None0,742.0,1651.0,0.000101963
None0,742.0,1652.0,5.1e-05
None0,742.0,1654.0,5.1e-05
None0,742.0,1656.0,0.000101963
None0,742.0,1660.0,5.1e-05
None0,742.0,1662.0,5.1e-05
None0,742.0,1664.0,0.000101963
None0,742.0,1667.0,0.00035687
None0,742.0,1669.0,0.000101963
None0,742.0,1672.0,0.000101963
None0,742.0,1674.0,0.000101963
None0,742.0,1677.0,0.000305888
None0,742.0,1680.0,0.000152944
None0,742.0,1682.0,0.000305888
None0,742.0,1684.0,0.000968646
None0,742.0,1685.0,0.000254907
None0,742.0,1687.0,0.000101963
None0,742.0,1689.0,0.000254907
None0,742.0,1691.0,5.1e-05
None0,742.0,1695.0,0.000305888
None0,742.0,1700.0,0.000254907
None0,742.0,1701.0,0.000254907
None0,742.0,1702.0,5.1e-05
None0,742.0,1709.0,0.000203926
None0,742.0,1710.0,0.001427479
None0,742.0,1712.0,0.000203926
None0,742.0,1715.0,0.000152944
None0,742.0,1716.0,5.1e-05
None0,742.0,1722.0,0.000101963
None0,742.0,1723.0,0.000152944
None0,742.0,1725.0,5.1e-05
None0,742.0,1727.0,0.000152944
None0,742.0,1728.0,0.001070609
None0,742.0,1729.0,0.000203926
None0,742.0,1731.0,0.012847311
None0,742.0,1737.0,0.000305888
None0,742.0,1740.0,0.000101963
None0,742.0,1742.0,0.000203926
None0,742.0,1745.0,0.000152944
None0,742.0,1746.0,5.1e-05
None0,742.0,1747.0,0.000509814
None0,742.0,1748.0,0.00035687
None0,742.0,1749.0,0.000509814
None0,742.0,1750.0,0.000101963
None0,742.0,1754.0,0.000152944
None0,742.0,1755.0,0.005760897
None0,742.0,1756.0,0.000458833
None0,742.0,1758.0,0.000254907
None0,742.0,1759.0,5.1e-05
None0,742.0,1761.0,5.1e-05
None0,742.0,1765.0,0.000203926
None0,742.0,1766.0,5.1e-05
None0,742.0,1767.0,0.000101963
None0,742.0,1770.0,5.1e-05
None0,742.0,1771.0,5.1e-05
None0,742.0,1773.0,0.000305888
None0,742.0,1774.0,0.000764721
None0,742.0,1775.0,0.000662758
None0,742.0,1776.0,5.1e-05
None0,742.0,1777.0,0.000101963
None0,742.0,1782.0,0.000203926
None0,742.0,1783.0,0.000203926
None0,742.0,1786.0,5.1e-05
None0,742.0,1787.0,0.001427479
None0,742.0,1791.0,5.1e-05
None0,742.0,1792.0,0.000101963
None0,742.0,1794.0,0.000662758
None0,742.0,1795.0,0.000254907
None0,742.0,1796.0,0.000152944
None0,742.0,1800.0,0.000254907
None0,742.0,1802.0,0.000101963
None0,742.0,1803.0,0.000101963
None0,742.0,1805.0,0.000611777
None0,742.0,1809.0,5.1e-05
None0,742.0,1813.0,0.000254907
None0,742.0,1814.0,0.000815702
None0,742.0,1816.0,5.1e-05
None0,742.0,1821.0,0.001223553
None0,742.0,1822.0,0.000101963
None0,742.0,1825.0,0.000560795
None0,742.0,1828.0,0.000152944
None0,742.0,1829.0,0.000101963
None0,742.0,1830.0,0.000101963
None0,742.0,1834.0,0.000254907
None0,742.0,1837.0,0.000152944
None0,742.0,1841.0,5.1e-05
None0,742.0,1843.0,0.000101963
None0,742.0,1844.0,0.000560795
None0,742.0,1845.0,5.1e-05
None0,742.0,1846.0,0.000203926
None0,742.0,1847.0,0.000305888
None0,742.0,1849.0,5.1e-05
None0,742.0,1851.0,5.1e-05
None0,742.0,1856.0,5.1e-05
None0,742.0,1857.0,5.1e-05
None0,742.0,1858.0,0.001886311
None0,742.0,1859.0,0.000203926
None0,742.0,1862.0,0.000509814
None0,742.0,1863.0,0.000254907
None0,742.0,1866.0,0.000101963
None0,742.0,1868.0,0.000152944
None0,742.0,1870.0,0.000203926
None0,742.0,1871.0,5.1e-05
None0,742.0,1872.0,0.00035687
None0,742.0,1874.0,5.1e-05
None0,742.0,1876.0,5.1e-05
None0,742.0,1877.0,0.000305888
None0,742.0,1878.0,0.000101963
None0,742.0,1884.0,0.000101963
None0,742.0,1886.0,0.001733367
None0,742.0,1889.0,0.000254907
None0,742.0,1891.0,0.000305888
None0,742.0,1892.0,5.1e-05
None0,742.0,1893.0,0.001019628
None0,742.0,1895.0,0.005047158
None0,742.0,1896.0,0.001223553
None0,742.0,1899.0,0.000203926
None0,742.0,1901.0,0.00147846
None0,742.0,1904.0,0.000152944
None0,742.0,1905.0,5.1e-05
None0,742.0,1906.0,5.1e-05
None0,742.0,1907.0,0.000560795
None0,742.0,1908.0,0.000152944
None0,742.0,1910.0,5.1e-05
None0,742.0,1913.0,0.00035687
None0,742.0,1914.0,0.000254907
None0,742.0,1915.0,0.003058884
None0,742.0,1923.0,0.000509814
None0,742.0,1924.0,5.1e-05
None0,742.0,1928.0,0.000203926
None0,742.0,1930.0,0.000305888
None0,742.0,1932.0,0.0021922
None0,742.0,1937.0,0.000101963
None0,742.0,1942.0,0.000152944
None0,742.0,1944.0,0.000203926
None0,742.0,1946.0,0.000254907
None0,742.0,1947.0,0.000152944
None0,742.0,1948.0,0.00035687
None0,742.0,1951.0,0.002090237
None0,742.0,1952.0,5.1e-05
None0,742.0,1953.0,0.000203926
None0,742.0,1954.0,5.1e-05
None0,742.0,1956.0,0.000152944
None0,742.0,1958.0,5.1e-05
None0,742.0,1959.0,0.000101963
None0,742.0,1960.0,0.000407851
None0,742.0,1962.0,0.00035687
None0,742.0,1964.0,0.000101963
None0,742.0,1965.0,0.001682386
None0,742.0,1972.0,5.1e-05
None0,742.0,1976.0,5.1e-05
None0,742.0,1977.0,0.000254907
None0,742.0,1989.0,5.1e-05
None0,742.0,1991.0,0.000152944
None0,742.0,1992.0,0.000101963
None0,742.0,1993.0,0.001733367
None0,743.0,1.0,0.000768806
None0,743.0,2.0,0.004468683
None0,743.0,3.0,0.000192201
None0,743.0,4.0,9.61e-05
None0,743.0,5.0,0.000192201
None0,743.0,7.0,0.000144151
None0,743.0,8.0,0.000192201
None0,743.0,9.0,4.81e-05
None0,743.0,12.0,0.000961007
None0,743.0,13.0,0.003435601
None0,743.0,14.0,2.4e-05
None0,743.0,15.0,2.4e-05
None0,743.0,16.0,4.81e-05
None0,743.0,20.0,2.4e-05
None0,743.0,21.0,0.000240252
None0,743.0,24.0,7.21e-05
None0,743.0,26.0,0.00129736
None0,743.0,27.0,0.001249309
None0,743.0,28.0,0.000672705
None0,743.0,29.0,0.00069673
None0,743.0,30.0,0.000192201
None0,743.0,31.0,0.001201259
None0,743.0,33.0,0.000360378
None0,743.0,34.0,2.4e-05
None0,743.0,35.0,2.4e-05
None0,743.0,36.0,2.4e-05
None0,743.0,37.0,0.001561637
None0,743.0,38.0,0.018475362
None0,743.0,39.0,9.61e-05
None0,743.0,40.0,4.81e-05
None0,743.0,41.0,9.61e-05
None0,743.0,42.0,4.81e-05
None0,743.0,43.0,2.4e-05
None0,743.0,44.0,7.21e-05
None0,743.0,46.0,9.61e-05
None0,743.0,47.0,2.4e-05
None0,743.0,48.0,2.4e-05
None0,743.0,49.0,2.4e-05
None0,743.0,50.0,0.000288302
None0,743.0,52.0,9.61e-05
None0,743.0,54.0,4.81e-05
None0,743.0,56.0,2.4e-05
None0,743.0,58.0,0.000120126
None0,743.0,60.0,2.4e-05
None0,743.0,61.0,9.61e-05
None0,743.0,62.0,2.4e-05
None0,743.0,63.0,0.000384403
None0,743.0,64.0,4.81e-05
None0,743.0,65.0,2.4e-05
None0,743.0,66.0,2.4e-05
None0,743.0,67.0,7.21e-05
None0,743.0,68.0,7.21e-05
None0,743.0,69.0,0.000480504
None0,743.0,70.0,2.4e-05
None0,743.0,71.0,2.4e-05
None0,743.0,72.0,0.000216227
None0,743.0,75.0,2.4e-05
None0,743.0,76.0,4.81e-05
None0,743.0,77.0,0.00069673
None0,743.0,82.0,0.000504529
None0,743.0,83.0,0.000192201
None0,743.0,85.0,2.4e-05
None0,743.0,88.0,0.002258367
None0,743.0,89.0,0.000240252
None0,743.0,91.0,0.000168176
None0,743.0,95.0,4.81e-05
None0,743.0,106.0,2.4e-05
None0,743.0,107.0,2.4e-05
None0,743.0,115.0,2.4e-05
None0,743.0,117.0,7.21e-05
None0,743.0,123.0,2.4e-05
None0,743.0,128.0,0.000120126
None0,743.0,130.0,4.81e-05
None0,743.0,134.0,2.4e-05
None0,743.0,136.0,2.4e-05
None0,743.0,143.0,2.4e-05
None0,743.0,152.0,2.4e-05
None0,743.0,153.0,4.81e-05
None0,743.0,159.0,0.000216227
None0,743.0,160.0,2.4e-05
None0,743.0,164.0,4.81e-05
None0,743.0,166.0,2.4e-05
None0,743.0,167.0,2.4e-05
None0,743.0,168.0,0.000168176
None0,743.0,169.0,0.002186291
None0,743.0,171.0,0.005790068
None0,743.0,172.0,0.000216227
None0,743.0,174.0,2.4e-05
None0,743.0,175.0,4.81e-05
None0,743.0,177.0,0.000792831
None0,743.0,178.0,0.000336352
None0,743.0,179.0,2.4e-05
None0,743.0,180.0,0.183792615
None0,743.0,182.0,4.81e-05
None0,743.0,185.0,7.21e-05
None0,743.0,186.0,2.4e-05
None0,743.0,187.0,0.000144151
None0,743.0,189.0,0.001681762
None0,743.0,190.0,0.000168176
None0,743.0,191.0,0.001585662
None0,743.0,192.0,0.000288302
None0,743.0,193.0,2.4e-05
None0,743.0,194.0,0.000384403
None0,743.0,195.0,0.00129736
None0,743.0,198.0,0.003027172
None0,743.0,200.0,2.4e-05
None0,743.0,201.0,0.000144151
None0,743.0,203.0,2.4e-05
None0,743.0,205.0,4.81e-05
None0,743.0,227.0,0.019388319
None0,743.0,228.0,0.000144151
None0,743.0,229.0,0.000936982
None0,743.0,230.0,0.002090191
None0,743.0,231.0,7.21e-05
None0,743.0,233.0,0.000144151
None0,743.0,234.0,7.21e-05
None0,743.0,237.0,0.000240252
None0,743.0,238.0,0.01006655
None0,743.0,239.0,0.000120126
None0,743.0,241.0,0.000144151
None0,743.0,242.0,2.4e-05
None0,743.0,243.0,0.000624655
None0,743.0,246.0,2.4e-05
None0,743.0,247.0,0.000312327
None0,743.0,248.0,0.00881724
None0,743.0,249.0,0.000504529
None0,743.0,250.0,0.000480504
None0,743.0,251.0,0.000168176
None0,743.0,252.0,0.015135862
None0,743.0,253.0,0.000168176
None0,743.0,254.0,2.4e-05
None0,743.0,255.0,0.000360378
None0,743.0,256.0,4.81e-05
None0,743.0,257.0,0.000552579
None0,743.0,258.0,0.000120126
None0,743.0,259.0,4.81e-05
None0,743.0,260.0,2.4e-05
None0,743.0,261.0,0.001633712
None0,743.0,265.0,0.000288302
None0,743.0,266.0,0.000600629
None0,743.0,267.0,0.000168176
None0,743.0,269.0,2.4e-05
None0,743.0,270.0,0.002282392
None0,743.0,271.0,0.001849939
None0,743.0,272.0,2.4e-05
None0,743.0,275.0,0.001369435
None0,743.0,276.0,0.033779401
None0,743.0,279.0,0.000384403
None0,743.0,282.0,9.61e-05
None0,743.0,285.0,2.4e-05
None0,743.0,286.0,0.001946039
None0,743.0,287.0,7.21e-05
None0,743.0,288.0,0.00129736
None0,743.0,291.0,0.000288302
None0,743.0,298.0,4.81e-05
None0,743.0,301.0,0.000840881
None0,743.0,302.0,0.000168176
None0,743.0,304.0,0.003027172
None0,743.0,306.0,9.61e-05
None0,743.0,309.0,0.001225284
None0,743.0,310.0,0.000288302
None0,743.0,312.0,2.4e-05
None0,743.0,315.0,0.000144151
None0,743.0,317.0,4.81e-05
None0,743.0,319.0,0.000624655
None0,743.0,325.0,2.4e-05
None0,743.0,332.0,2.4e-05
None0,743.0,333.0,4.81e-05
None0,743.0,346.0,2.4e-05
None0,743.0,353.0,0.000240252
None0,743.0,363.0,2.4e-05
None0,743.0,364.0,0.005573841
None0,743.0,365.0,2.4e-05
None0,743.0,367.0,2.4e-05
None0,743.0,369.0,2.4e-05
None0,743.0,370.0,0.001369435
None0,743.0,371.0,0.000768806
None0,743.0,372.0,2.4e-05
None0,743.0,376.0,9.61e-05
None0,743.0,378.0,0.008745165
None0,743.0,379.0,0.000624655
None0,743.0,380.0,0.000408428
None0,743.0,381.0,7.21e-05
None0,743.0,382.0,0.003916104
None0,743.0,383.0,0.000792831
None0,743.0,387.0,0.001081133
None0,743.0,388.0,0.003315475
None0,743.0,389.0,0.000216227
None0,743.0,391.0,0.001321385
None0,743.0,394.0,4.81e-05
None0,743.0,396.0,0.000144151
None0,743.0,398.0,0.004877111
None0,743.0,399.0,0.000600629
None0,743.0,400.0,0.000216227
None0,743.0,401.0,0.000816856
None0,743.0,402.0,0.002114216
None0,743.0,405.0,0.001897989
None0,743.0,409.0,0.002931072
None0,743.0,410.0,0.000384403
None0,743.0,411.0,0.020998006
None0,743.0,412.0,0.001009057
None0,743.0,413.0,0.000768806
None0,743.0,416.0,4.81e-05
None0,743.0,417.0,0.000264277
None0,743.0,419.0,0.024986186
None0,743.0,420.0,0.00064868
None0,743.0,423.0,0.000168176
None0,743.0,424.0,0.000192201
None0,743.0,425.0,0.000456478
None0,743.0,426.0,9.61e-05
None0,743.0,427.0,7.21e-05
None0,743.0,428.0,9.61e-05
None0,743.0,429.0,0.000120126
None0,743.0,432.0,0.000240252
None0,743.0,437.0,2.4e-05
None0,743.0,439.0,0.000864906
None0,743.0,441.0,0.000816856
None0,743.0,442.0,0.000552579
None0,743.0,443.0,9.61e-05
None0,743.0,444.0,2.4e-05
None0,743.0,445.0,0.000168176
None0,743.0,446.0,0.000144151
None0,743.0,447.0,0.000360378
None0,743.0,448.0,7.21e-05
None0,743.0,450.0,7.21e-05
None0,743.0,452.0,4.81e-05
None0,743.0,454.0,2.4e-05
None0,743.0,457.0,0.000936982
None0,743.0,458.0,0.000600629
None0,743.0,461.0,9.61e-05
None0,743.0,462.0,0.004829061
None0,743.0,464.0,0.000144151
None0,743.0,465.0,0.000144151
None0,743.0,466.0,0.000432453
None0,743.0,467.0,0.000288302
None0,743.0,468.0,0.000192201
None0,743.0,469.0,0.000864906
None0,743.0,470.0,4.81e-05
None0,743.0,471.0,4.81e-05
None0,743.0,472.0,0.022199265
None0,743.0,473.0,0.002402518
None0,743.0,474.0,0.000336352
None0,743.0,476.0,2.4e-05
None0,743.0,478.0,0.005285539
None0,743.0,480.0,4.81e-05
None0,743.0,481.0,2.4e-05
None0,743.0,483.0,0.000144151
None0,743.0,484.0,0.000120126
None0,743.0,489.0,4.81e-05
None0,743.0,490.0,0.004108306
None0,743.0,491.0,2.4e-05
None0,743.0,492.0,7.21e-05
None0,743.0,494.0,9.61e-05
None0,743.0,496.0,2.4e-05
None0,743.0,501.0,0.000576604
None0,743.0,504.0,2.4e-05
None0,743.0,505.0,9.61e-05
None0,743.0,506.0,0.002330442
None0,743.0,509.0,4.81e-05
None0,743.0,510.0,2.4e-05
None0,743.0,511.0,2.4e-05
None0,743.0,513.0,0.000120126
None0,743.0,515.0,0.000408428
None0,743.0,517.0,4.81e-05
None0,743.0,519.0,9.61e-05
None0,743.0,523.0,0.000456478
None0,743.0,524.0,9.61e-05
None0,743.0,526.0,0.000192201
None0,743.0,528.0,0.008697115
None0,743.0,530.0,0.003795978
None0,743.0,531.0,2.4e-05
None0,743.0,533.0,0.001105158
None0,743.0,535.0,0.000240252
None0,743.0,538.0,2.4e-05
None0,743.0,539.0,0.000936982
None0,743.0,545.0,0.003699877
None0,743.0,546.0,0.000120126
None0,743.0,551.0,0.000720755
None0,743.0,552.0,0.000120126
None0,743.0,553.0,7.21e-05
None0,743.0,554.0,0.000120126
None0,743.0,555.0,9.61e-05
None0,743.0,557.0,0.000240252
None0,743.0,558.0,2.4e-05
None0,743.0,559.0,2.4e-05
None0,743.0,561.0,0.000216227
None0,743.0,564.0,0.000792831
None0,743.0,565.0,2.4e-05
None0,743.0,566.0,0.000312327
None0,743.0,567.0,0.000120126
None0,743.0,568.0,2.4e-05
None0,743.0,569.0,0.000961007
None0,743.0,581.0,7.21e-05
None0,743.0,582.0,4.81e-05
None0,743.0,583.0,4.81e-05
None0,743.0,587.0,0.000480504
None0,743.0,589.0,4.81e-05
None0,743.0,590.0,0.000144151
None0,743.0,591.0,2.4e-05
None0,743.0,594.0,9.61e-05
None0,743.0,595.0,0.000216227
None0,743.0,601.0,0.000144151
None0,743.0,602.0,7.21e-05
None0,743.0,604.0,2.4e-05
None0,743.0,606.0,0.000312327
None0,743.0,611.0,0.000216227
None0,743.0,613.0,0.000408428
None0,743.0,614.0,0.000288302
None0,743.0,616.0,7.21e-05
None0,743.0,617.0,7.21e-05
None0,743.0,618.0,2.4e-05
None0,743.0,619.0,2.4e-05
None0,743.0,621.0,0.000576604
None0,743.0,623.0,0.000576604
None0,743.0,625.0,2.4e-05
None0,743.0,628.0,2.4e-05
None0,743.0,629.0,2.4e-05
None0,743.0,630.0,4.81e-05
None0,743.0,634.0,0.00199409
None0,743.0,635.0,0.000384403
None0,743.0,637.0,2.4e-05
None0,743.0,638.0,9.61e-05
None0,743.0,639.0,0.000168176
None0,743.0,640.0,0.000264277
None0,743.0,641.0,2.4e-05
None0,743.0,648.0,7.21e-05
None0,743.0,649.0,2.4e-05
None0,743.0,653.0,7.21e-05
None0,743.0,654.0,2.4e-05
None0,743.0,655.0,0.000192201
None0,743.0,657.0,9.61e-05
None0,743.0,658.0,4.81e-05
None0,743.0,660.0,2.4e-05
None0,743.0,661.0,4.81e-05
None0,743.0,663.0,0.000240252
None0,743.0,665.0,0.000240252
None0,743.0,666.0,4.81e-05
None0,743.0,667.0,0.000288302
None0,743.0,669.0,0.000744781
None0,743.0,670.0,4.81e-05
None0,743.0,673.0,0.000768806
None0,743.0,675.0,0.000240252
None0,743.0,676.0,7.21e-05
None0,743.0,677.0,4.81e-05
None0,743.0,680.0,4.81e-05
None0,743.0,681.0,0.000192201
None0,743.0,683.0,7.21e-05
None0,743.0,691.0,0.000600629
None0,743.0,696.0,4.81e-05
None0,743.0,698.0,2.4e-05
None0,743.0,702.0,0.000336352
None0,743.0,704.0,0.000216227
None0,743.0,705.0,4.81e-05
None0,743.0,707.0,2.4e-05
None0,743.0,708.0,9.61e-05
None0,743.0,713.0,4.81e-05
None0,743.0,714.0,4.81e-05
None0,743.0,717.0,0.003363525
None0,743.0,721.0,7.21e-05
None0,743.0,723.0,0.000744781
None0,743.0,729.0,0.000240252
None0,743.0,733.0,0.001537611
None0,743.0,734.0,4.81e-05
None0,743.0,736.0,9.61e-05
None0,743.0,739.0,0.000216227
None0,743.0,740.0,7.21e-05
None0,743.0,741.0,0.000192201
None0,743.0,742.0,0.000600629
None0,743.0,744.0,0.000312327
None0,743.0,745.0,0.000120126
None0,743.0,747.0,0.000624655
None0,743.0,748.0,7.21e-05
None0,743.0,750.0,0.000120126
None0,743.0,751.0,0.000264277
None0,743.0,753.0,2.4e-05
None0,743.0,755.0,2.4e-05
None0,743.0,756.0,0.000144151
None0,743.0,757.0,0.000240252
None0,743.0,759.0,4.81e-05
None0,743.0,760.0,0.000528554
None0,743.0,761.0,0.000120126
None0,743.0,763.0,2.4e-05
None0,743.0,766.0,0.000192201
None0,743.0,767.0,0.000144151
None0,743.0,768.0,0.001537611
None0,743.0,769.0,4.81e-05
None0,743.0,772.0,0.001225284
None0,743.0,773.0,0.001633712
None0,743.0,774.0,0.002330442
None0,743.0,775.0,2.4e-05
None0,743.0,777.0,0.000192201
None0,743.0,783.0,2.4e-05
None0,743.0,784.0,0.000120126
None0,743.0,785.0,0.000432453
None0,743.0,787.0,4.81e-05
None0,743.0,788.0,2.4e-05
None0,743.0,790.0,4.81e-05
None0,743.0,792.0,4.81e-05
None0,743.0,795.0,4.81e-05
None0,743.0,797.0,4.81e-05
None0,743.0,798.0,0.000120126
None0,743.0,799.0,4.81e-05
None0,743.0,800.0,0.000264277
None0,743.0,804.0,7.21e-05
None0,743.0,805.0,2.4e-05
None0,743.0,806.0,0.000120126
None0,743.0,808.0,0.000240252
None0,743.0,810.0,0.003219374
None0,743.0,814.0,4.81e-05
None0,743.0,816.0,0.000144151
None0,743.0,817.0,0.000216227
None0,743.0,818.0,0.000720755
None0,743.0,820.0,4.81e-05
None0,743.0,822.0,0.000360378
None0,743.0,825.0,0.000120126
None0,743.0,830.0,0.000168176
None0,743.0,832.0,2.4e-05
None0,743.0,835.0,9.61e-05
None0,743.0,836.0,0.000120126
None0,743.0,839.0,2.4e-05
None0,743.0,840.0,2.4e-05
None0,743.0,843.0,2.4e-05
None0,743.0,844.0,9.61e-05
None0,743.0,845.0,0.000264277
None0,743.0,847.0,0.000384403
None0,743.0,848.0,4.81e-05
None0,743.0,849.0,0.000168176
None0,743.0,850.0,0.000168176
None0,743.0,853.0,0.000336352
None0,743.0,854.0,0.000408428
None0,743.0,857.0,0.000120126
None0,743.0,859.0,4.81e-05
None0,743.0,860.0,2.4e-05
None0,743.0,861.0,4.81e-05
None0,743.0,862.0,4.81e-05
None0,743.0,863.0,2.4e-05
None0,743.0,865.0,0.000768806
None0,743.0,867.0,4.81e-05
None0,743.0,868.0,0.000600629
None0,743.0,874.0,0.002426543
None0,743.0,876.0,0.000192201
None0,743.0,877.0,2.4e-05
None0,743.0,879.0,9.61e-05
None0,743.0,881.0,2.4e-05
None0,743.0,882.0,0.000552579
None0,743.0,883.0,0.000408428
None0,743.0,885.0,0.00064868
None0,743.0,886.0,0.000264277
None0,743.0,887.0,9.61e-05
None0,743.0,889.0,2.4e-05
None0,743.0,890.0,7.21e-05
None0,743.0,892.0,7.21e-05
None0,743.0,895.0,2.4e-05
None0,743.0,896.0,0.001321385
None0,743.0,897.0,0.000504529
None0,743.0,898.0,4.81e-05
None0,743.0,900.0,0.000120126
None0,743.0,908.0,0.000840881
None0,743.0,913.0,2.4e-05
None0,743.0,915.0,0.000144151
None0,743.0,916.0,9.61e-05
None0,743.0,920.0,2.4e-05
None0,743.0,922.0,4.81e-05
None0,743.0,929.0,0.008576989
None0,743.0,932.0,2.4e-05
None0,743.0,933.0,2.4e-05
None0,743.0,935.0,7.21e-05
None0,743.0,936.0,2.4e-05
None0,743.0,937.0,4.81e-05
None0,743.0,940.0,2.4e-05
None0,743.0,946.0,2.4e-05
None0,743.0,948.0,2.4e-05
None0,743.0,950.0,0.000144151
None0,743.0,953.0,7.21e-05
None0,743.0,954.0,0.000432453
None0,743.0,955.0,0.000624655
None0,743.0,958.0,0.000408428
None0,743.0,959.0,2.4e-05
None0,743.0,960.0,9.61e-05
None0,743.0,963.0,7.21e-05
None0,743.0,964.0,0.000336352
None0,743.0,965.0,0.000264277
None0,743.0,967.0,2.4e-05
None0,743.0,972.0,0.000624655
None0,743.0,976.0,2.4e-05
None0,743.0,977.0,0.000120126
None0,743.0,978.0,7.21e-05
None0,743.0,979.0,0.000144151
None0,743.0,980.0,0.001273334
None0,743.0,981.0,2.4e-05
None0,743.0,982.0,2.4e-05
None0,743.0,983.0,0.000120126
None0,743.0,984.0,0.000264277
None0,743.0,987.0,4.81e-05
None0,743.0,989.0,0.000288302
None0,743.0,990.0,0.000456478
None0,743.0,991.0,2.4e-05
None0,743.0,992.0,0.000192201
None0,743.0,993.0,9.61e-05
None0,743.0,995.0,4.81e-05
None0,743.0,999.0,7.21e-05
None0,743.0,1000.0,2.4e-05
None0,743.0,1001.0,0.000360378
None0,743.0,1003.0,0.000864906
None0,743.0,1007.0,0.000144151
None0,743.0,1010.0,2.4e-05
None0,743.0,1013.0,0.000120126
None0,743.0,1015.0,0.006102395
None0,743.0,1018.0,0.000192201
None0,743.0,1020.0,4.81e-05
None0,743.0,1021.0,2.4e-05
None0,743.0,1022.0,7.21e-05
None0,743.0,1027.0,9.61e-05
None0,743.0,1030.0,2.4e-05
None0,743.0,1031.0,0.000144151
None0,743.0,1034.0,2.4e-05
None0,743.0,1042.0,0.000360378
None0,743.0,1043.0,0.000408428
None0,743.0,1047.0,0.000144151
None0,743.0,1049.0,2.4e-05
None0,743.0,1050.0,0.000168176
None0,743.0,1052.0,0.000888932
None0,743.0,1053.0,7.21e-05
None0,743.0,1054.0,0.003123273
None0,743.0,1056.0,9.61e-05
None0,743.0,1060.0,9.61e-05
None0,743.0,1065.0,0.000240252
None0,743.0,1066.0,4.81e-05
None0,743.0,1068.0,2.4e-05
None0,743.0,1071.0,4.81e-05
None0,743.0,1072.0,0.000120126
None0,743.0,1073.0,9.61e-05
None0,743.0,1077.0,2.4e-05
None0,743.0,1078.0,0.000288302
None0,743.0,1079.0,4.81e-05
None0,743.0,1081.0,7.21e-05
None0,743.0,1084.0,0.000240252
None0,743.0,1086.0,7.21e-05
None0,743.0,1087.0,0.000240252
None0,743.0,1088.0,7.21e-05
None0,743.0,1089.0,2.4e-05
None0,743.0,1090.0,9.61e-05
None0,743.0,1092.0,7.21e-05
None0,743.0,1093.0,2.4e-05
None0,743.0,1094.0,0.000168176
None0,743.0,1096.0,2.4e-05
None0,743.0,1099.0,0.000216227
None0,743.0,1101.0,2.4e-05
None0,743.0,1104.0,4.81e-05
None0,743.0,1106.0,0.000288302
None0,743.0,1110.0,0.000120126
None0,743.0,1113.0,7.21e-05
None0,743.0,1114.0,0.002066165
None0,743.0,1116.0,0.000192201
None0,743.0,1117.0,2.4e-05
None0,743.0,1121.0,9.61e-05
None0,743.0,1122.0,2.4e-05
None0,743.0,1123.0,7.21e-05
None0,743.0,1124.0,0.000504529
None0,743.0,1125.0,2.4e-05
None0,743.0,1132.0,0.000240252
None0,743.0,1135.0,0.000504529
None0,743.0,1137.0,0.006102395
None0,743.0,1138.0,0.000144151
None0,743.0,1140.0,0.000168176
None0,743.0,1142.0,0.000528554
None0,743.0,1143.0,4.81e-05
None0,743.0,1144.0,0.000336352
None0,743.0,1149.0,0.000120126
None0,743.0,1156.0,0.000264277
None0,743.0,1158.0,7.21e-05
None0,743.0,1160.0,9.61e-05
None0,743.0,1162.0,0.000216227
None0,743.0,1163.0,0.000864906
None0,743.0,1164.0,7.21e-05
None0,743.0,1166.0,4.81e-05
None0,743.0,1169.0,2.4e-05
None0,743.0,1170.0,0.000120126
None0,743.0,1172.0,0.002378493
None0,743.0,1177.0,0.002354467
None0,743.0,1178.0,0.000408428
None0,743.0,1180.0,2.4e-05
None0,743.0,1181.0,2.4e-05
None0,743.0,1182.0,0.000192201
None0,743.0,1184.0,2.4e-05
None0,743.0,1185.0,2.4e-05
None0,743.0,1186.0,0.000192201
None0,743.0,1187.0,0.000120126
None0,743.0,1188.0,4.81e-05
None0,743.0,1192.0,7.21e-05
None0,743.0,1193.0,0.000408428
None0,743.0,1196.0,0.000120126
None0,743.0,1198.0,0.000168176
None0,743.0,1200.0,2.4e-05
None0,743.0,1202.0,2.4e-05
None0,743.0,1205.0,0.000144151
None0,743.0,1206.0,4.81e-05
None0,743.0,1208.0,0.000432453
None0,743.0,1209.0,0.01285347
None0,743.0,1210.0,0.000216227
None0,743.0,1212.0,4.81e-05
None0,743.0,1213.0,2.4e-05
None0,743.0,1215.0,2.4e-05
None0,743.0,1217.0,2.4e-05
None0,743.0,1226.0,2.4e-05
None0,743.0,1228.0,0.000120126
None0,743.0,1230.0,4.81e-05
None0,743.0,1233.0,7.21e-05
None0,743.0,1235.0,0.000360378
None0,743.0,1237.0,0.000240252
None0,743.0,1238.0,0.000168176
None0,743.0,1239.0,0.000240252
None0,743.0,1241.0,0.001321385
None0,743.0,1242.0,4.81e-05
None0,743.0,1244.0,0.000408428
None0,743.0,1247.0,2.4e-05
None0,743.0,1248.0,0.000384403
None0,743.0,1250.0,9.61e-05
None0,743.0,1252.0,2.4e-05
None0,743.0,1253.0,2.4e-05
None0,743.0,1257.0,2.4e-05
None0,743.0,1259.0,2.4e-05
None0,743.0,1262.0,4.81e-05
None0,743.0,1264.0,2.4e-05
None0,743.0,1265.0,2.4e-05
None0,743.0,1266.0,2.4e-05
None0,743.0,1270.0,0.00139346
None0,743.0,1271.0,0.000168176
None0,743.0,1272.0,4.81e-05
None0,743.0,1273.0,4.81e-05
None0,743.0,1274.0,0.000360378
None0,743.0,1277.0,4.81e-05
None0,743.0,1279.0,0.000264277
None0,743.0,1280.0,4.81e-05
None0,743.0,1282.0,2.4e-05
None0,743.0,1286.0,9.61e-05
None0,743.0,1287.0,0.000120126
None0,743.0,1292.0,7.21e-05
None0,743.0,1293.0,0.000312327
None0,743.0,1294.0,0.000144151
None0,743.0,1295.0,4.81e-05
None0,743.0,1299.0,0.000672705
None0,743.0,1301.0,0.000360378
None0,743.0,1302.0,7.21e-05
None0,743.0,1306.0,9.61e-05
None0,743.0,1308.0,7.21e-05
None0,743.0,1309.0,2.4e-05
None0,743.0,1312.0,2.4e-05
None0,743.0,1313.0,7.21e-05
None0,743.0,1316.0,0.00064868
None0,743.0,1320.0,7.21e-05
None0,743.0,1322.0,0.000120126
None0,743.0,1323.0,0.000264277
None0,743.0,1325.0,2.4e-05
None0,743.0,1329.0,0.000961007
None0,743.0,1330.0,2.4e-05
None0,743.0,1331.0,2.4e-05
None0,743.0,1332.0,0.003027172
None0,743.0,1335.0,0.000192201
None0,743.0,1336.0,0.000144151
None0,743.0,1337.0,0.000144151
None0,743.0,1338.0,0.00069673
None0,743.0,1341.0,0.000985032
None0,743.0,1342.0,0.003435601
None0,743.0,1345.0,9.61e-05
None0,743.0,1347.0,7.21e-05
None0,743.0,1348.0,0.000288302
None0,743.0,1349.0,2.4e-05
None0,743.0,1351.0,4.81e-05
None0,743.0,1352.0,0.000216227
None0,743.0,1353.0,9.61e-05
None0,743.0,1354.0,0.000120126
None0,743.0,1356.0,4.81e-05
None0,743.0,1357.0,9.61e-05
None0,743.0,1359.0,9.61e-05
None0,743.0,1363.0,2.4e-05
None0,743.0,1367.0,2.4e-05
None0,743.0,1368.0,2.4e-05
None0,743.0,1369.0,0.000144151
None0,743.0,1373.0,0.000120126
None0,743.0,1374.0,2.4e-05
None0,743.0,1375.0,7.21e-05
None0,743.0,1377.0,0.000480504
None0,743.0,1379.0,0.000144151
None0,743.0,1380.0,0.000216227
None0,743.0,1381.0,0.000864906
None0,743.0,1384.0,2.4e-05
None0,743.0,1385.0,7.21e-05
None0,743.0,1387.0,0.003243399
None0,743.0,1389.0,2.4e-05
None0,743.0,1392.0,0.000336352
None0,743.0,1395.0,0.000840881
None0,743.0,1396.0,4.81e-05
None0,743.0,1397.0,4.81e-05
None0,743.0,1398.0,2.4e-05
None0,743.0,1400.0,0.000120126
None0,743.0,1408.0,0.000672705
None0,743.0,1410.0,2.4e-05
None0,743.0,1411.0,2.4e-05
None0,743.0,1412.0,0.000480504
None0,743.0,1413.0,0.000216227
None0,743.0,1415.0,7.21e-05
None0,743.0,1419.0,0.000408428
None0,743.0,1420.0,0.000216227
None0,743.0,1422.0,0.000120126
None0,743.0,1423.0,7.21e-05
None0,743.0,1424.0,2.4e-05
None0,743.0,1425.0,0.000408428
None0,743.0,1429.0,0.000336352
None0,743.0,1430.0,0.000576604
None0,743.0,1431.0,0.000336352
None0,743.0,1432.0,2.4e-05
None0,743.0,1433.0,2.4e-05
None0,743.0,1434.0,2.4e-05
None0,743.0,1437.0,9.61e-05
None0,743.0,1438.0,0.000528554
None0,743.0,1443.0,0.000264277
None0,743.0,1445.0,0.000480504
None0,743.0,1449.0,4.81e-05
None0,743.0,1450.0,7.21e-05
None0,743.0,1454.0,0.000168176
None0,743.0,1455.0,9.61e-05
None0,743.0,1456.0,4.81e-05
None0,743.0,1457.0,2.4e-05
None0,743.0,1459.0,4.81e-05
None0,743.0,1461.0,0.000168176
None0,743.0,1462.0,4.81e-05
None0,743.0,1464.0,4.81e-05
None0,743.0,1465.0,2.4e-05
None0,743.0,1466.0,7.21e-05
None0,743.0,1467.0,9.61e-05
None0,743.0,1469.0,2.4e-05
None0,743.0,1470.0,2.4e-05
None0,743.0,1478.0,0.000144151
None0,743.0,1479.0,7.21e-05
None0,743.0,1480.0,2.4e-05
None0,743.0,1481.0,0.000264277
None0,743.0,1484.0,2.4e-05
None0,743.0,1486.0,2.4e-05
None0,743.0,1490.0,2.4e-05
None0,743.0,1494.0,2.4e-05
None0,743.0,1495.0,0.000120126
None0,743.0,1497.0,7.21e-05
None0,743.0,1498.0,4.81e-05
None0,743.0,1501.0,2.4e-05
None0,743.0,1505.0,0.000120126
None0,743.0,1506.0,0.000384403
None0,743.0,1507.0,0.000504529
None0,743.0,1509.0,0.000576604
None0,743.0,1510.0,2.4e-05
None0,743.0,1511.0,0.000408428
None0,743.0,1512.0,0.000384403
None0,743.0,1513.0,4.81e-05
None0,743.0,1514.0,0.000312327
None0,743.0,1515.0,2.4e-05
None0,743.0,1516.0,2.4e-05
None0,743.0,1520.0,0.000168176
None0,743.0,1522.0,0.000936982
None0,743.0,1524.0,7.21e-05
None0,743.0,1525.0,0.000360378
None0,743.0,1526.0,0.000744781
None0,743.0,1528.0,4.81e-05
None0,743.0,1529.0,0.000360378
None0,743.0,1538.0,0.001153209
None0,743.0,1541.0,0.001057108
None0,743.0,1543.0,7.21e-05
None0,743.0,1544.0,0.000168176
None0,743.0,1551.0,0.001705788
None0,743.0,1553.0,2.4e-05
None0,743.0,1555.0,2.4e-05
None0,743.0,1561.0,2.4e-05
None0,743.0,1562.0,4.81e-05
None0,743.0,1563.0,0.001705788
None0,743.0,1566.0,0.001633712
None0,743.0,1569.0,0.000384403
None0,743.0,1570.0,2.4e-05
None0,743.0,1573.0,0.000240252
None0,743.0,1576.0,4.81e-05
None0,743.0,1578.0,2.4e-05
None0,743.0,1579.0,2.4e-05
None0,743.0,1580.0,0.000528554
None0,743.0,1581.0,9.61e-05
None0,743.0,1582.0,4.81e-05
None0,743.0,1584.0,9.61e-05
None0,743.0,1585.0,2.4e-05
None0,743.0,1586.0,0.000744781
None0,743.0,1587.0,2.4e-05
None0,743.0,1588.0,0.000288302
None0,743.0,1591.0,2.4e-05
None0,743.0,1593.0,0.000816856
None0,743.0,1595.0,2.4e-05
None0,743.0,1597.0,0.001441511
None0,743.0,1599.0,0.001009057
None0,743.0,1600.0,2.4e-05
None0,743.0,1601.0,4.81e-05
None0,743.0,1602.0,7.21e-05
None0,743.0,1604.0,2.4e-05
None0,743.0,1607.0,2.4e-05
None0,743.0,1609.0,0.000144151
None0,743.0,1612.0,0.003579752
None0,743.0,1613.0,7.21e-05
None0,743.0,1614.0,7.21e-05
None0,743.0,1615.0,4.81e-05
None0,743.0,1616.0,0.000456478
None0,743.0,1617.0,4.81e-05
None0,743.0,1618.0,0.001633712
None0,743.0,1620.0,4.81e-05
None0,743.0,1621.0,0.000192201
None0,743.0,1622.0,2.4e-05
None0,743.0,1623.0,4.81e-05
None0,743.0,1624.0,0.000288302
None0,743.0,1625.0,0.000336352
None0,743.0,1626.0,2.4e-05
None0,743.0,1627.0,0.000312327
None0,743.0,1628.0,0.000432453
None0,743.0,1634.0,0.000120126
None0,743.0,1639.0,0.000192201
None0,743.0,1640.0,0.000456478
None0,743.0,1642.0,0.008504913
None0,743.0,1644.0,0.000240252
None0,743.0,1648.0,2.4e-05
None0,743.0,1651.0,2.4e-05
None0,743.0,1652.0,2.4e-05
None0,743.0,1653.0,2.4e-05
None0,743.0,1662.0,9.61e-05
None0,743.0,1664.0,4.81e-05
None0,743.0,1667.0,0.000192201
None0,743.0,1669.0,7.21e-05
None0,743.0,1671.0,2.4e-05
None0,743.0,1672.0,7.21e-05
None0,743.0,1674.0,2.4e-05
None0,743.0,1676.0,2.4e-05
None0,743.0,1677.0,0.001417486
None0,743.0,1681.0,0.000144151
None0,743.0,1682.0,4.81e-05
None0,743.0,1683.0,0.000168176
None0,743.0,1684.0,0.000288302
None0,743.0,1685.0,7.21e-05
None0,743.0,1686.0,9.61e-05
None0,743.0,1687.0,0.000120126
None0,743.0,1689.0,4.81e-05
None0,743.0,1691.0,4.81e-05
None0,743.0,1692.0,2.4e-05
None0,743.0,1695.0,0.001081133
None0,743.0,1697.0,2.4e-05
None0,743.0,1701.0,0.000744781
None0,743.0,1704.0,4.81e-05
None0,743.0,1709.0,0.000120126
None0,743.0,1710.0,0.003027172
None0,743.0,1712.0,9.61e-05
None0,743.0,1715.0,7.21e-05
None0,743.0,1716.0,7.21e-05
None0,743.0,1719.0,0.000144151
None0,743.0,1720.0,2.4e-05
None0,743.0,1722.0,2.4e-05
None0,743.0,1723.0,2.4e-05
None0,743.0,1725.0,7.21e-05
None0,743.0,1727.0,0.000168176
None0,743.0,1728.0,0.000192201
None0,743.0,1730.0,2.4e-05
None0,743.0,1731.0,0.004180381
None0,743.0,1733.0,9.61e-05
None0,743.0,1737.0,0.000985032
None0,743.0,1739.0,2.4e-05
None0,743.0,1742.0,0.000864906
None0,743.0,1743.0,2.4e-05
None0,743.0,1746.0,0.000192201
None0,743.0,1747.0,9.61e-05
None0,743.0,1748.0,9.61e-05
None0,743.0,1749.0,9.61e-05
None0,743.0,1750.0,2.4e-05
None0,743.0,1754.0,4.81e-05
None0,743.0,1755.0,0.00264277
None0,743.0,1756.0,0.000264277
None0,743.0,1758.0,9.61e-05
None0,743.0,1759.0,7.21e-05
None0,743.0,1760.0,2.4e-05
None0,743.0,1761.0,0.001225284
None0,743.0,1765.0,0.000264277
None0,743.0,1767.0,0.000120126
None0,743.0,1771.0,2.4e-05
None0,743.0,1773.0,0.000480504
None0,743.0,1774.0,9.61e-05
None0,743.0,1775.0,0.000120126
None0,743.0,1780.0,2.4e-05
None0,743.0,1783.0,2.4e-05
None0,743.0,1787.0,0.000192201
None0,743.0,1792.0,4.81e-05
None0,743.0,1794.0,0.000120126
None0,743.0,1795.0,0.000288302
None0,743.0,1796.0,0.000360378
None0,743.0,1797.0,2.4e-05
None0,743.0,1799.0,2.4e-05
None0,743.0,1800.0,7.21e-05
None0,743.0,1803.0,0.000120126
None0,743.0,1805.0,0.001201259
None0,743.0,1806.0,0.000961007
None0,743.0,1808.0,4.81e-05
None0,743.0,1809.0,2.4e-05
None0,743.0,1810.0,4.81e-05
None0,743.0,1811.0,2.4e-05
None0,743.0,1813.0,0.000144151
None0,743.0,1814.0,0.001657737
None0,743.0,1821.0,0.000144151
None0,743.0,1822.0,2.4e-05
None0,743.0,1825.0,0.000192201
None0,743.0,1826.0,2.4e-05
None0,743.0,1827.0,7.21e-05
None0,743.0,1829.0,0.000192201
None0,743.0,1832.0,2.4e-05
None0,743.0,1834.0,0.000192201
None0,743.0,1837.0,9.61e-05
None0,743.0,1844.0,0.000504529
None0,743.0,1846.0,0.000168176
None0,743.0,1847.0,0.000216227
None0,743.0,1849.0,2.4e-05
None0,743.0,1850.0,4.81e-05
None0,743.0,1851.0,0.000144151
None0,743.0,1857.0,0.001681762
None0,743.0,1858.0,4.81e-05
None0,743.0,1859.0,9.61e-05
None0,743.0,1860.0,4.81e-05
None0,743.0,1862.0,0.000192201
None0,743.0,1863.0,9.61e-05
None0,743.0,1865.0,2.4e-05
None0,743.0,1866.0,4.81e-05
None0,743.0,1868.0,0.000120126
None0,743.0,1870.0,4.81e-05
None0,743.0,1871.0,2.4e-05
None0,743.0,1872.0,7.21e-05
None0,743.0,1874.0,2.4e-05
None0,743.0,1877.0,0.000264277
None0,743.0,1878.0,0.014895611
None0,743.0,1882.0,2.4e-05
None0,743.0,1885.0,4.81e-05
None0,743.0,1886.0,0.000936982
None0,743.0,1887.0,2.4e-05
None0,743.0,1889.0,2.4e-05
None0,743.0,1892.0,7.21e-05
None0,743.0,1893.0,0.000144151
None0,743.0,1895.0,0.000600629
None0,743.0,1896.0,0.000912957
None0,743.0,1897.0,0.000288302
None0,743.0,1901.0,4.81e-05
None0,743.0,1904.0,0.000240252
None0,743.0,1905.0,2.4e-05
None0,743.0,1906.0,2.4e-05
None0,743.0,1907.0,0.002282392
None0,743.0,1908.0,0.000576604
None0,743.0,1911.0,0.000216227
None0,743.0,1913.0,0.000576604
None0,743.0,1914.0,7.21e-05
None0,743.0,1915.0,0.000768806
None0,743.0,1916.0,4.81e-05
None0,743.0,1927.0,4.81e-05
None0,743.0,1930.0,9.61e-05
None0,743.0,1932.0,0.001561637
None0,743.0,1935.0,2.4e-05
None0,743.0,1937.0,4.81e-05
None0,743.0,1942.0,0.000192201
None0,743.0,1943.0,9.61e-05
None0,743.0,1944.0,0.00069673
None0,743.0,1946.0,2.4e-05
None0,743.0,1948.0,0.000216227
None0,743.0,1950.0,2.4e-05
None0,743.0,1953.0,9.61e-05
None0,743.0,1954.0,2.4e-05
None0,743.0,1956.0,7.21e-05
None0,743.0,1958.0,2.4e-05
None0,743.0,1959.0,4.81e-05
None0,743.0,1960.0,0.000528554
None0,743.0,1962.0,4.81e-05
None0,743.0,1963.0,0.000864906
None0,743.0,1965.0,0.00069673
None0,743.0,1966.0,2.4e-05
None0,743.0,1967.0,2.4e-05
None0,743.0,1970.0,9.61e-05
None0,743.0,1972.0,4.81e-05
None0,743.0,1973.0,2.4e-05
None0,743.0,1979.0,2.4e-05
None0,743.0,1981.0,7.21e-05
None0,743.0,1988.0,2.4e-05
None0,743.0,1991.0,0.000456478
None0,743.0,1992.0,0.000120126
None0,743.0,1993.0,0.001897989
None0,743.0,1994.0,2.4e-05
None0,743.0,1999.0,2.4e-05
None0,744.0,0.0,0.000183251
None0,744.0,1.0,0.000733003
None0,744.0,2.0,0.003665017
None0,744.0,3.0,0.000549753
None0,744.0,4.0,0.000916254
None0,744.0,5.0,0.000366502
None0,744.0,7.0,0.000183251
None0,744.0,8.0,0.000549753
None0,744.0,10.0,0.001649258
None0,744.0,12.0,0.001832509
None0,744.0,13.0,0.005497526
None0,744.0,15.0,0.000549753
None0,744.0,16.0,0.000366502
None0,744.0,17.0,0.000549753
None0,744.0,21.0,0.000366502
None0,744.0,24.0,0.00201576
None0,744.0,25.0,0.000366502
None0,744.0,26.0,0.000366502
None0,744.0,27.0,0.009162544
None0,744.0,28.0,0.000916254
None0,744.0,29.0,0.001649258
None0,744.0,30.0,0.000549753
None0,744.0,31.0,0.003665017
None0,744.0,32.0,0.000183251
None0,744.0,33.0,0.001099505
None0,744.0,34.0,0.000183251
None0,744.0,35.0,0.000183251
None0,744.0,36.0,0.000183251
None0,744.0,37.0,0.001466007
None0,744.0,38.0,0.022173355
None0,744.0,39.0,0.001466007
None0,744.0,40.0,0.000183251
None0,744.0,41.0,0.000183251
None0,744.0,42.0,0.000183251
None0,744.0,43.0,0.000183251
None0,744.0,44.0,0.000549753
None0,744.0,45.0,0.001099505
None0,744.0,46.0,0.000366502
None0,744.0,47.0,0.000366502
None0,744.0,48.0,0.000366502
None0,744.0,49.0,0.000916254
None0,744.0,50.0,0.000183251
None0,744.0,51.0,0.000183251
None0,744.0,52.0,0.000183251
None0,744.0,53.0,0.000549753
None0,744.0,54.0,0.000549753
None0,744.0,55.0,0.000183251
None0,744.0,57.0,0.000183251
None0,744.0,58.0,0.000549753
None0,744.0,59.0,0.000549753
None0,744.0,60.0,0.000366502
None0,744.0,61.0,0.000549753
None0,744.0,62.0,0.000366502
None0,744.0,63.0,0.000549753
None0,744.0,64.0,0.000549753
None0,744.0,66.0,0.000366502
None0,744.0,67.0,0.000183251
None0,744.0,68.0,0.000366502
None0,744.0,69.0,0.003298516
None0,744.0,70.0,0.000733003
None0,744.0,71.0,0.001282756
None0,744.0,72.0,0.005131024
None0,744.0,74.0,0.000366502
None0,744.0,75.0,0.00201576
None0,744.0,76.0,0.000733003
None0,744.0,77.0,0.011728056
None0,744.0,78.0,0.000366502
None0,744.0,79.0,0.000183251
None0,744.0,81.0,0.000549753
None0,744.0,82.0,0.008063038
None0,744.0,83.0,0.001282756
None0,744.0,84.0,0.000916254
None0,744.0,85.0,0.00201576
None0,744.0,86.0,0.000366502
None0,744.0,88.0,0.007696537
None0,744.0,89.0,0.002382261
None0,744.0,91.0,0.002748763
None0,744.0,92.0,0.000183251
None0,744.0,93.0,0.000183251
None0,744.0,94.0,0.000733003
None0,744.0,101.0,0.000183251
None0,744.0,104.0,0.000183251
None0,744.0,105.0,0.000183251
None0,744.0,106.0,0.000366502
None0,744.0,115.0,0.000366502
None0,744.0,117.0,0.000183251
None0,744.0,123.0,0.000366502
None0,744.0,125.0,0.000183251
None0,744.0,128.0,0.001099505
None0,744.0,130.0,0.000366502
None0,744.0,136.0,0.000183251
None0,744.0,139.0,0.000183251
None0,744.0,141.0,0.000183251
None0,744.0,147.0,0.000549753
None0,744.0,148.0,0.000549753
None0,744.0,153.0,0.000183251
None0,744.0,155.0,0.000366502
None0,744.0,159.0,0.000916254
None0,744.0,162.0,0.000183251
None0,744.0,164.0,0.000366502
None0,744.0,167.0,0.000183251
None0,744.0,168.0,0.000366502
None0,744.0,169.0,0.00201576
None0,744.0,171.0,0.002932014
None0,744.0,174.0,0.000183251
None0,744.0,175.0,0.000366502
None0,744.0,176.0,0.000183251
None0,744.0,177.0,0.002382261
None0,744.0,178.0,0.002382261
None0,744.0,179.0,0.000733003
None0,744.0,180.0,0.002382261
None0,744.0,182.0,0.000183251
None0,744.0,185.0,0.000549753
None0,744.0,186.0,0.001099505
None0,744.0,187.0,0.000733003
None0,744.0,188.0,0.000366502
None0,744.0,189.0,0.00623053
None0,744.0,190.0,0.000183251
None0,744.0,191.0,0.002932014
None0,744.0,192.0,0.000366502
None0,744.0,193.0,0.000366502
None0,744.0,194.0,0.001466007
None0,744.0,195.0,0.001649258
None0,744.0,198.0,0.022906359
None0,744.0,199.0,0.000183251
None0,744.0,200.0,0.000183251
None0,744.0,201.0,0.000733003
None0,744.0,204.0,0.000183251
None0,744.0,205.0,0.000549753
None0,744.0,227.0,0.002932014
None0,744.0,228.0,0.001832509
None0,744.0,229.0,0.003115265
None0,744.0,230.0,0.000916254
None0,744.0,231.0,0.000366502
None0,744.0,232.0,0.000183251
None0,744.0,233.0,0.000183251
None0,744.0,237.0,0.000183251
None0,744.0,238.0,0.00201576
None0,744.0,239.0,0.000366502
None0,744.0,241.0,0.000366502
None0,744.0,243.0,0.001282756
None0,744.0,245.0,0.000366502
None0,744.0,246.0,0.000183251
None0,744.0,247.0,0.001832509
None0,744.0,248.0,0.003665017
None0,744.0,249.0,0.00219901
None0,744.0,250.0,0.000733003
None0,744.0,251.0,0.00201576
None0,744.0,252.0,0.009345794
None0,744.0,254.0,0.000183251
None0,744.0,255.0,0.000916254
None0,744.0,256.0,0.000549753
None0,744.0,257.0,0.001649258
None0,744.0,258.0,0.000733003
None0,744.0,259.0,0.000733003
None0,744.0,261.0,0.003848268
None0,744.0,262.0,0.000183251
None0,744.0,265.0,0.000733003
None0,744.0,266.0,0.00201576
None0,744.0,267.0,0.000549753
None0,744.0,270.0,0.003481767
None0,744.0,271.0,0.002932014
None0,744.0,275.0,0.000733003
None0,744.0,276.0,0.010262049
None0,744.0,279.0,0.000549753
None0,744.0,282.0,0.000366502
None0,744.0,286.0,0.008063038
None0,744.0,287.0,0.000549753
None0,744.0,288.0,0.002932014
None0,744.0,290.0,0.000183251
None0,744.0,291.0,0.000549753
None0,744.0,296.0,0.000183251
None0,744.0,298.0,0.000549753
None0,744.0,299.0,0.000183251
None0,744.0,301.0,0.003848268
None0,744.0,302.0,0.000916254
None0,744.0,303.0,0.000183251
None0,744.0,304.0,0.007146784
None0,744.0,306.0,0.000183251
None0,744.0,309.0,0.004764523
None0,744.0,310.0,0.003481767
None0,744.0,312.0,0.000183251
None0,744.0,313.0,0.000183251
None0,744.0,315.0,0.000916254
None0,744.0,317.0,0.000549753
None0,744.0,319.0,0.002748763
None0,744.0,325.0,0.000366502
None0,744.0,334.0,0.000183251
None0,744.0,338.0,0.000183251
None0,744.0,341.0,0.000183251
None0,744.0,346.0,0.000183251
None0,744.0,353.0,0.000366502
None0,744.0,356.0,0.000183251
None0,744.0,358.0,0.000183251
None0,744.0,362.0,0.000183251
None0,744.0,364.0,0.008246289
None0,744.0,365.0,0.000549753
None0,744.0,369.0,0.001282756
None0,744.0,370.0,0.008612791
None0,744.0,371.0,0.003481767
None0,744.0,372.0,0.000183251
None0,744.0,376.0,0.000183251
None0,744.0,377.0,0.000183251
None0,744.0,378.0,0.007513286
None0,744.0,379.0,0.002382261
None0,744.0,380.0,0.000549753
None0,744.0,381.0,0.000366502
None0,744.0,382.0,0.018508338
None0,744.0,383.0,0.005864028
None0,744.0,387.0,0.002382261
None0,744.0,388.0,0.006597031
None0,744.0,389.0,0.000549753
None0,744.0,390.0,0.000366502
None0,744.0,391.0,0.002382261
None0,744.0,393.0,0.000549753
None0,744.0,394.0,0.000733003
None0,744.0,396.0,0.000183251
None0,744.0,398.0,0.023272861
None0,744.0,399.0,0.000916254
None0,744.0,401.0,0.001099505
None0,744.0,402.0,0.000916254
None0,744.0,405.0,0.000733003
None0,744.0,408.0,0.000366502
None0,744.0,409.0,0.002565512
None0,744.0,410.0,0.000366502
None0,744.0,411.0,0.005131024
None0,744.0,412.0,0.000366502
None0,744.0,413.0,0.000366502
None0,744.0,415.0,0.000366502
None0,744.0,416.0,0.000549753
None0,744.0,417.0,0.001832509
None0,744.0,419.0,0.007513286
None0,744.0,420.0,0.002382261
None0,744.0,423.0,0.000733003
None0,744.0,424.0,0.001099505
None0,744.0,425.0,0.000916254
None0,744.0,426.0,0.000366502
None0,744.0,429.0,0.000366502
None0,744.0,432.0,0.00201576
None0,744.0,439.0,0.001466007
None0,744.0,442.0,0.000733003
None0,744.0,445.0,0.001649258
None0,744.0,446.0,0.000183251
None0,744.0,447.0,0.000183251
None0,744.0,448.0,0.000916254
None0,744.0,450.0,0.001649258
None0,744.0,452.0,0.000183251
None0,744.0,453.0,0.000549753
None0,744.0,454.0,0.001099505
None0,744.0,457.0,0.001099505
None0,744.0,458.0,0.00201576
None0,744.0,460.0,0.000366502
None0,744.0,462.0,0.006780282
None0,744.0,463.0,0.000366502
None0,744.0,464.0,0.000183251
None0,744.0,465.0,0.000733003
None0,744.0,466.0,0.001282756
None0,744.0,467.0,0.001649258
None0,744.0,468.0,0.000733003
None0,744.0,469.0,0.001466007
None0,744.0,470.0,0.000183251
None0,744.0,471.0,0.000366502
None0,744.0,472.0,0.009895547
None0,744.0,473.0,0.003115265
None0,744.0,475.0,0.000183251
None0,744.0,478.0,0.013010812
None0,744.0,480.0,0.000366502
None0,744.0,481.0,0.00219901
None0,744.0,482.0,0.000183251
None0,744.0,483.0,0.001099505
None0,744.0,484.0,0.001099505
None0,744.0,487.0,0.000183251
None0,744.0,488.0,0.000183251
None0,744.0,489.0,0.000183251
None0,744.0,490.0,0.012094557
None0,744.0,492.0,0.000183251
None0,744.0,494.0,0.000366502
None0,744.0,495.0,0.000183251
None0,744.0,496.0,0.000366502
None0,744.0,501.0,0.001282756
None0,744.0,504.0,0.000366502
None0,744.0,505.0,0.001466007
None0,744.0,506.0,0.007513286
None0,744.0,509.0,0.000549753
None0,744.0,510.0,0.000366502
None0,744.0,511.0,0.000183251
None0,744.0,515.0,0.001282756
None0,744.0,517.0,0.000183251
None0,744.0,519.0,0.000549753
None0,744.0,520.0,0.000916254
None0,744.0,523.0,0.001832509
None0,744.0,524.0,0.000183251
None0,744.0,526.0,0.000916254
None0,744.0,528.0,0.010811801
None0,744.0,530.0,0.000549753
None0,744.0,531.0,0.000549753
None0,744.0,533.0,0.007146784
None0,744.0,535.0,0.000916254
None0,744.0,538.0,0.000183251
None0,744.0,542.0,0.000183251
None0,744.0,545.0,0.005131024
None0,744.0,546.0,0.001099505
None0,744.0,551.0,0.000916254
None0,744.0,552.0,0.001466007
None0,744.0,553.0,0.000366502
None0,744.0,554.0,0.000733003
None0,744.0,557.0,0.003848268
None0,744.0,561.0,0.001282756
None0,744.0,564.0,0.001466007
None0,744.0,566.0,0.000733003
None0,744.0,567.0,0.000733003
None0,744.0,569.0,0.000916254
None0,744.0,572.0,0.000549753
None0,744.0,574.0,0.000183251
None0,744.0,576.0,0.001466007
None0,744.0,577.0,0.000366502
None0,744.0,580.0,0.000183251
None0,744.0,582.0,0.000549753
None0,744.0,583.0,0.000366502
None0,744.0,587.0,0.003665017
None0,744.0,590.0,0.000183251
None0,744.0,593.0,0.000183251
None0,744.0,596.0,0.000366502
None0,744.0,601.0,0.000366502
None0,744.0,604.0,0.000183251
None0,744.0,606.0,0.001832509
None0,744.0,608.0,0.000366502
None0,744.0,611.0,0.001282756
None0,744.0,612.0,0.000549753
None0,744.0,613.0,0.005864028
None0,744.0,614.0,0.00201576
None0,744.0,616.0,0.001099505
None0,744.0,619.0,0.000183251
None0,744.0,620.0,0.000366502
None0,744.0,621.0,0.000366502
None0,744.0,622.0,0.000183251
None0,744.0,623.0,0.002565512
None0,744.0,629.0,0.000549753
None0,744.0,634.0,0.000733003
None0,744.0,635.0,0.001282756
None0,744.0,636.0,0.000183251
None0,744.0,637.0,0.001466007
None0,744.0,638.0,0.000733003
None0,744.0,639.0,0.000549753
None0,744.0,640.0,0.007513286
None0,744.0,645.0,0.000366502
None0,744.0,648.0,0.000183251
None0,744.0,654.0,0.000183251
None0,744.0,655.0,0.000183251
None0,744.0,657.0,0.001099505
None0,744.0,659.0,0.000183251
None0,744.0,660.0,0.000183251
None0,744.0,663.0,0.000183251
None0,744.0,665.0,0.004398021
None0,744.0,666.0,0.000549753
None0,744.0,667.0,0.000183251
None0,744.0,669.0,0.00201576
None0,744.0,672.0,0.000183251
None0,744.0,673.0,0.000916254
None0,744.0,675.0,0.064137805
None0,744.0,676.0,0.000916254
None0,744.0,681.0,0.000366502
None0,744.0,683.0,0.000366502
None0,744.0,689.0,0.000366502
None0,744.0,691.0,0.001832509
None0,744.0,695.0,0.000183251
None0,744.0,696.0,0.000549753
None0,744.0,698.0,0.000183251
None0,744.0,699.0,0.000366502
None0,744.0,700.0,0.000183251
None0,744.0,702.0,0.000916254
None0,744.0,704.0,0.001832509
None0,744.0,706.0,0.000183251
None0,744.0,707.0,0.000916254
None0,744.0,713.0,0.000183251
None0,744.0,714.0,0.000183251
None0,744.0,715.0,0.000183251
None0,744.0,717.0,0.00201576
None0,744.0,718.0,0.000183251
None0,744.0,721.0,0.000183251
None0,744.0,723.0,0.000549753
None0,744.0,724.0,0.000366502
None0,744.0,727.0,0.000183251
None0,744.0,728.0,0.000733003
None0,744.0,729.0,0.001099505
None0,744.0,731.0,0.000183251
None0,744.0,732.0,0.000183251
None0,744.0,733.0,0.000183251
None0,744.0,734.0,0.001466007
None0,744.0,735.0,0.000366502
None0,744.0,736.0,0.000366502
None0,744.0,739.0,0.001649258
None0,744.0,740.0,0.000916254
None0,744.0,741.0,0.000549753
None0,744.0,742.0,0.000916254
None0,744.0,743.0,0.002382261
None0,744.0,747.0,0.004398021
None0,744.0,748.0,0.000549753
None0,744.0,751.0,0.001282756
None0,744.0,753.0,0.000549753
None0,744.0,754.0,0.000366502
None0,744.0,755.0,0.000183251
None0,744.0,757.0,0.000183251
None0,744.0,761.0,0.000366502
None0,744.0,765.0,0.000183251
None0,744.0,766.0,0.000183251
None0,744.0,767.0,0.000916254
None0,744.0,768.0,0.004581272
None0,744.0,769.0,0.000733003
None0,744.0,770.0,0.000183251
None0,744.0,772.0,0.000549753
None0,744.0,773.0,0.000916254
None0,744.0,774.0,0.000733003
None0,744.0,775.0,0.000916254
None0,744.0,777.0,0.000183251
None0,744.0,778.0,0.000183251
None0,744.0,780.0,0.000366502
None0,744.0,781.0,0.000183251
None0,744.0,783.0,0.000183251
None0,744.0,784.0,0.000916254
None0,744.0,785.0,0.000549753
None0,744.0,787.0,0.000366502
None0,744.0,788.0,0.000733003
None0,744.0,789.0,0.000183251
None0,744.0,792.0,0.000549753
None0,744.0,794.0,0.000366502
None0,744.0,795.0,0.000183251
None0,744.0,800.0,0.000549753
None0,744.0,801.0,0.000183251
None0,744.0,804.0,0.000549753
None0,744.0,805.0,0.000183251
None0,744.0,806.0,0.000366502
None0,744.0,807.0,0.000366502
None0,744.0,808.0,0.000366502
None0,744.0,810.0,0.000733003
None0,744.0,816.0,0.003665017
None0,744.0,817.0,0.001832509
None0,744.0,818.0,0.000183251
None0,744.0,822.0,0.000549753
None0,744.0,823.0,0.000733003
None0,744.0,825.0,0.001282756
None0,744.0,826.0,0.000183251
None0,744.0,830.0,0.000366502
None0,744.0,834.0,0.000366502
None0,744.0,835.0,0.000366502
None0,744.0,836.0,0.000183251
None0,744.0,838.0,0.000183251
None0,744.0,839.0,0.000366502
None0,744.0,841.0,0.000183251
None0,744.0,842.0,0.000183251
None0,744.0,843.0,0.000733003
None0,744.0,844.0,0.000183251
None0,744.0,845.0,0.000183251
None0,744.0,847.0,0.001282756
None0,744.0,848.0,0.001099505
None0,744.0,850.0,0.000183251
None0,744.0,852.0,0.000183251
None0,744.0,853.0,0.000733003
None0,744.0,854.0,0.000916254
None0,744.0,855.0,0.000183251
None0,744.0,857.0,0.000366502
None0,744.0,860.0,0.000366502
None0,744.0,862.0,0.00201576
None0,744.0,863.0,0.000549753
None0,744.0,865.0,0.002565512
None0,744.0,867.0,0.000549753
None0,744.0,868.0,0.009895547
None0,744.0,872.0,0.000183251
None0,744.0,874.0,0.001466007
None0,744.0,876.0,0.000183251
None0,744.0,879.0,0.000183251
None0,744.0,882.0,0.000733003
None0,744.0,883.0,0.007146784
None0,744.0,884.0,0.000366502
None0,744.0,885.0,0.008063038
None0,744.0,886.0,0.001099505
None0,744.0,887.0,0.001649258
None0,744.0,888.0,0.000916254
None0,744.0,894.0,0.000183251
None0,744.0,895.0,0.000183251
None0,744.0,896.0,0.000183251
None0,744.0,897.0,0.000366502
None0,744.0,898.0,0.000549753
None0,744.0,900.0,0.000549753
None0,744.0,907.0,0.000366502
None0,744.0,908.0,0.003115265
None0,744.0,909.0,0.000183251
None0,744.0,913.0,0.000366502
None0,744.0,914.0,0.000183251
None0,744.0,915.0,0.000549753
None0,744.0,916.0,0.000549753
None0,744.0,919.0,0.000183251
None0,744.0,922.0,0.000183251
None0,744.0,924.0,0.000549753
None0,744.0,925.0,0.000183251
None0,744.0,927.0,0.000183251
None0,744.0,928.0,0.000183251
None0,744.0,929.0,0.003298516
None0,744.0,932.0,0.000183251
None0,744.0,935.0,0.000733003
None0,744.0,937.0,0.000183251
None0,744.0,938.0,0.000183251
None0,744.0,939.0,0.000183251
None0,744.0,940.0,0.000733003
None0,744.0,941.0,0.000183251
None0,744.0,943.0,0.000183251
None0,744.0,947.0,0.000183251
None0,744.0,948.0,0.000916254
None0,744.0,949.0,0.000183251
None0,744.0,950.0,0.001649258
None0,744.0,952.0,0.000183251
None0,744.0,954.0,0.001832509
None0,744.0,955.0,0.000183251
None0,744.0,958.0,0.000366502
None0,744.0,960.0,0.000183251
None0,744.0,962.0,0.000183251
None0,744.0,963.0,0.000183251
None0,744.0,964.0,0.001466007
None0,744.0,965.0,0.000366502
None0,744.0,966.0,0.000366502
None0,744.0,967.0,0.000183251
None0,744.0,969.0,0.000183251
None0,744.0,970.0,0.000183251
None0,744.0,972.0,0.00201576
None0,744.0,975.0,0.000183251
None0,744.0,978.0,0.000733003
None0,744.0,979.0,0.000733003
None0,744.0,980.0,0.001282756
None0,744.0,983.0,0.000733003
None0,744.0,986.0,0.000183251
None0,744.0,987.0,0.000549753
None0,744.0,988.0,0.000366502
None0,744.0,989.0,0.00201576
None0,744.0,990.0,0.000916254
None0,744.0,993.0,0.001466007
None0,744.0,995.0,0.000366502
None0,744.0,998.0,0.000183251
None0,744.0,1000.0,0.000183251
None0,744.0,1001.0,0.00421477
None0,744.0,1002.0,0.000366502
None0,744.0,1003.0,0.001649258
None0,744.0,1006.0,0.000183251
None0,744.0,1007.0,0.000549753
None0,744.0,1009.0,0.000916254
None0,744.0,1010.0,0.000366502
None0,744.0,1013.0,0.000366502
None0,744.0,1015.0,0.005131024
None0,744.0,1016.0,0.000366502
None0,744.0,1017.0,0.000183251
None0,744.0,1018.0,0.000549753
None0,744.0,1020.0,0.001099505
None0,744.0,1024.0,0.000366502
None0,744.0,1025.0,0.000733003
None0,744.0,1026.0,0.000183251
None0,744.0,1027.0,0.002565512
None0,744.0,1030.0,0.000366502
None0,744.0,1031.0,0.000733003
None0,744.0,1032.0,0.000549753
None0,744.0,1041.0,0.000183251
None0,744.0,1043.0,0.002932014
None0,744.0,1046.0,0.000183251
None0,744.0,1047.0,0.000549753
None0,744.0,1048.0,0.000183251
None0,744.0,1049.0,0.000183251
None0,744.0,1050.0,0.000733003
None0,744.0,1052.0,0.003115265
None0,744.0,1053.0,0.000183251
None0,744.0,1054.0,0.003665017
None0,744.0,1056.0,0.000366502
None0,744.0,1058.0,0.000183251
None0,744.0,1059.0,0.000183251
None0,744.0,1060.0,0.000733003
None0,744.0,1064.0,0.000183251
None0,744.0,1065.0,0.000916254
None0,744.0,1068.0,0.000549753
None0,744.0,1071.0,0.000183251
None0,744.0,1072.0,0.000733003
None0,744.0,1073.0,0.000183251
None0,744.0,1078.0,0.000916254
None0,744.0,1079.0,0.000183251
None0,744.0,1080.0,0.000183251
None0,744.0,1081.0,0.001099505
None0,744.0,1084.0,0.001282756
None0,744.0,1086.0,0.000549753
None0,744.0,1087.0,0.000183251
None0,744.0,1088.0,0.000916254
None0,744.0,1089.0,0.000183251
None0,744.0,1090.0,0.001282756
None0,744.0,1091.0,0.000366502
None0,744.0,1092.0,0.000183251
None0,744.0,1093.0,0.000366502
None0,744.0,1094.0,0.000366502
None0,744.0,1098.0,0.000366502
None0,744.0,1099.0,0.000183251
None0,744.0,1100.0,0.000549753
None0,744.0,1104.0,0.000183251
None0,744.0,1106.0,0.000549753
None0,744.0,1110.0,0.000366502
None0,744.0,1113.0,0.000183251
None0,744.0,1114.0,0.009712296
None0,744.0,1116.0,0.000916254
None0,744.0,1117.0,0.000183251
None0,744.0,1118.0,0.000366502
None0,744.0,1119.0,0.000916254
None0,744.0,1120.0,0.001466007
None0,744.0,1122.0,0.000183251
None0,744.0,1124.0,0.001099505
None0,744.0,1125.0,0.000183251
None0,744.0,1128.0,0.000183251
None0,744.0,1132.0,0.000549753
None0,744.0,1135.0,0.002382261
None0,744.0,1137.0,0.00421477
None0,744.0,1139.0,0.000183251
None0,744.0,1140.0,0.001099505
None0,744.0,1143.0,0.003298516
None0,744.0,1144.0,0.001649258
None0,744.0,1146.0,0.000183251
None0,744.0,1148.0,0.000183251
None0,744.0,1149.0,0.000366502
None0,744.0,1151.0,0.000183251
None0,744.0,1157.0,0.000183251
None0,744.0,1158.0,0.000549753
None0,744.0,1160.0,0.001282756
None0,744.0,1162.0,0.00201576
None0,744.0,1163.0,0.000916254
None0,744.0,1164.0,0.000366502
None0,744.0,1165.0,0.000549753
None0,744.0,1170.0,0.000366502
None0,744.0,1172.0,0.007879787
None0,744.0,1177.0,0.011911307
None0,744.0,1178.0,0.000183251
None0,744.0,1179.0,0.000183251
None0,744.0,1181.0,0.000183251
None0,744.0,1186.0,0.004398021
None0,744.0,1190.0,0.000183251
None0,744.0,1191.0,0.000183251
None0,744.0,1192.0,0.000183251
None0,744.0,1193.0,0.00201576
None0,744.0,1194.0,0.000366502
None0,744.0,1196.0,0.000183251
None0,744.0,1198.0,0.000183251
None0,744.0,1199.0,0.000183251
None0,744.0,1200.0,0.001099505
None0,744.0,1204.0,0.000183251
None0,744.0,1205.0,0.000366502
None0,744.0,1206.0,0.000366502
None0,744.0,1208.0,0.003298516
None0,744.0,1209.0,0.000366502
None0,744.0,1212.0,0.000366502
None0,744.0,1214.0,0.000733003
None0,744.0,1216.0,0.000183251
None0,744.0,1220.0,0.000183251
None0,744.0,1223.0,0.000183251
None0,744.0,1226.0,0.000183251
None0,744.0,1228.0,0.000916254
None0,744.0,1231.0,0.000366502
None0,744.0,1233.0,0.000183251
None0,744.0,1234.0,0.000183251
None0,744.0,1235.0,0.000733003
None0,744.0,1237.0,0.001282756
None0,744.0,1239.0,0.001099505
None0,744.0,1241.0,0.001649258
None0,744.0,1242.0,0.001649258
None0,744.0,1244.0,0.000183251
None0,744.0,1247.0,0.000366502
None0,744.0,1248.0,0.000183251
None0,744.0,1250.0,0.000366502
None0,744.0,1251.0,0.000366502
None0,744.0,1252.0,0.00219901
None0,744.0,1253.0,0.000366502
None0,744.0,1258.0,0.000183251
None0,744.0,1259.0,0.000183251
None0,744.0,1260.0,0.000183251
None0,744.0,1263.0,0.000183251
None0,744.0,1265.0,0.000366502
None0,744.0,1270.0,0.003848268
None0,744.0,1271.0,0.000916254
None0,744.0,1274.0,0.002748763
None0,744.0,1277.0,0.000366502
None0,744.0,1279.0,0.001649258
None0,744.0,1280.0,0.002932014
None0,744.0,1284.0,0.000183251
None0,744.0,1286.0,0.000366502
None0,744.0,1287.0,0.000549753
None0,744.0,1290.0,0.000366502
None0,744.0,1293.0,0.000916254
None0,744.0,1299.0,0.001649258
None0,744.0,1301.0,0.000916254
None0,744.0,1302.0,0.000183251
None0,744.0,1306.0,0.000366502
None0,744.0,1308.0,0.000183251
None0,744.0,1310.0,0.000183251
None0,744.0,1313.0,0.000366502
None0,744.0,1316.0,0.001832509
None0,744.0,1317.0,0.000183251
None0,744.0,1318.0,0.001466007
None0,744.0,1322.0,0.000183251
None0,744.0,1323.0,0.006963533
None0,744.0,1329.0,0.000916254
None0,744.0,1330.0,0.000366502
None0,744.0,1332.0,0.000916254
None0,744.0,1335.0,0.000366502
None0,744.0,1337.0,0.000733003
None0,744.0,1338.0,0.00219901
None0,744.0,1340.0,0.000183251
None0,744.0,1341.0,0.000916254
None0,744.0,1342.0,0.002932014
None0,744.0,1345.0,0.000183251
None0,744.0,1347.0,0.000733003
None0,744.0,1348.0,0.000733003
None0,744.0,1351.0,0.000183251
None0,744.0,1352.0,0.001099505
None0,744.0,1353.0,0.000733003
None0,744.0,1356.0,0.000183251
None0,744.0,1357.0,0.000183251
None0,744.0,1358.0,0.000183251
None0,744.0,1359.0,0.000183251
None0,744.0,1361.0,0.000733003
None0,744.0,1362.0,0.000183251
None0,744.0,1373.0,0.001832509
None0,744.0,1374.0,0.000366502
None0,744.0,1375.0,0.000183251
None0,744.0,1377.0,0.001099505
None0,744.0,1379.0,0.000366502
None0,744.0,1380.0,0.000916254
None0,744.0,1381.0,0.000183251
None0,744.0,1383.0,0.000549753
None0,744.0,1385.0,0.001099505
None0,744.0,1386.0,0.000366502
None0,744.0,1387.0,0.003848268
None0,744.0,1392.0,0.002748763
None0,744.0,1395.0,0.000916254
None0,744.0,1397.0,0.000366502
None0,744.0,1400.0,0.000366502
None0,744.0,1401.0,0.000549753
None0,744.0,1402.0,0.000549753
None0,744.0,1403.0,0.000183251
None0,744.0,1404.0,0.000183251
None0,744.0,1405.0,0.000183251
None0,744.0,1408.0,0.00201576
None0,744.0,1410.0,0.000366502
None0,744.0,1412.0,0.000366502
None0,744.0,1413.0,0.000183251
None0,744.0,1415.0,0.000183251
None0,744.0,1419.0,0.000549753
None0,744.0,1420.0,0.001099505
None0,744.0,1422.0,0.004581272
None0,744.0,1423.0,0.000549753
None0,744.0,1425.0,0.000549753
None0,744.0,1429.0,0.000549753
None0,744.0,1430.0,0.000183251
None0,744.0,1431.0,0.000366502
None0,744.0,1432.0,0.000183251
None0,744.0,1434.0,0.000366502
None0,744.0,1437.0,0.000733003
None0,744.0,1438.0,0.000733003
None0,744.0,1442.0,0.000366502
None0,744.0,1443.0,0.000183251
None0,744.0,1449.0,0.000183251
None0,744.0,1454.0,0.000916254
None0,744.0,1456.0,0.000183251
None0,744.0,1457.0,0.000549753
None0,744.0,1458.0,0.000183251
None0,744.0,1460.0,0.000366502
None0,744.0,1462.0,0.000916254
None0,744.0,1466.0,0.000916254
None0,744.0,1467.0,0.000183251
None0,744.0,1470.0,0.000366502
None0,744.0,1472.0,0.000733003
None0,744.0,1477.0,0.000183251
None0,744.0,1479.0,0.000183251
None0,744.0,1480.0,0.000549753
None0,744.0,1481.0,0.000549753
None0,744.0,1485.0,0.000366502
None0,744.0,1486.0,0.000916254
None0,744.0,1488.0,0.000733003
None0,744.0,1490.0,0.000183251
None0,744.0,1492.0,0.001282756
None0,744.0,1498.0,0.001282756
None0,744.0,1500.0,0.000366502
None0,744.0,1505.0,0.000183251
None0,744.0,1506.0,0.000183251
None0,744.0,1507.0,0.000183251
None0,744.0,1509.0,0.002382261
None0,744.0,1511.0,0.002565512
None0,744.0,1512.0,0.000183251
None0,744.0,1514.0,0.001832509
None0,744.0,1519.0,0.000183251
None0,744.0,1520.0,0.000916254
None0,744.0,1521.0,0.000183251
None0,744.0,1522.0,0.00421477
None0,744.0,1524.0,0.000366502
None0,744.0,1525.0,0.002565512
None0,744.0,1526.0,0.010262049
None0,744.0,1528.0,0.000183251
None0,744.0,1529.0,0.000549753
None0,744.0,1530.0,0.000549753
None0,744.0,1535.0,0.000183251
None0,744.0,1538.0,0.000549753
None0,744.0,1540.0,0.000366502
None0,744.0,1541.0,0.00842954
None0,744.0,1543.0,0.000183251
None0,744.0,1544.0,0.000916254
None0,744.0,1550.0,0.000733003
None0,744.0,1551.0,0.000549753
None0,744.0,1552.0,0.000366502
None0,744.0,1555.0,0.000549753
None0,744.0,1556.0,0.000183251
None0,744.0,1557.0,0.000183251
None0,744.0,1560.0,0.000183251
None0,744.0,1561.0,0.000183251
None0,744.0,1562.0,0.000733003
None0,744.0,1563.0,0.001099505
None0,744.0,1565.0,0.000366502
None0,744.0,1566.0,0.001832509
None0,744.0,1569.0,0.000733003
None0,744.0,1570.0,0.000549753
None0,744.0,1573.0,0.002382261
None0,744.0,1574.0,0.000733003
None0,744.0,1578.0,0.000183251
None0,744.0,1579.0,0.001099505
None0,744.0,1580.0,0.000549753
None0,744.0,1581.0,0.000733003
None0,744.0,1585.0,0.000183251
None0,744.0,1586.0,0.001832509
None0,744.0,1588.0,0.001282756
None0,744.0,1591.0,0.000549753
None0,744.0,1593.0,0.000916254
None0,744.0,1595.0,0.000366502
None0,744.0,1597.0,0.118929815
None0,744.0,1598.0,0.000183251
None0,744.0,1599.0,0.003298516
None0,744.0,1600.0,0.000183251
None0,744.0,1601.0,0.000366502
None0,744.0,1602.0,0.000916254
None0,744.0,1604.0,0.000366502
None0,744.0,1606.0,0.000366502
None0,744.0,1607.0,0.000366502
None0,744.0,1608.0,0.000183251
None0,744.0,1609.0,0.000183251
None0,744.0,1613.0,0.000549753
None0,744.0,1615.0,0.000366502
None0,744.0,1616.0,0.001282756
None0,744.0,1617.0,0.000366502
None0,744.0,1618.0,0.001282756
None0,744.0,1621.0,0.001832509
None0,744.0,1622.0,0.000183251
None0,744.0,1624.0,0.000183251
None0,744.0,1625.0,0.001282756
None0,744.0,1627.0,0.000183251
None0,744.0,1628.0,0.020340847
None0,744.0,1633.0,0.000183251
None0,744.0,1634.0,0.000183251
None0,744.0,1637.0,0.000183251
None0,744.0,1639.0,0.000183251
None0,744.0,1640.0,0.001832509
None0,744.0,1642.0,0.002565512
None0,744.0,1644.0,0.000916254
None0,744.0,1648.0,0.000549753
None0,744.0,1649.0,0.000183251
None0,744.0,1651.0,0.000183251
None0,744.0,1654.0,0.000366502
None0,744.0,1655.0,0.000183251
None0,744.0,1656.0,0.000366502
None0,744.0,1660.0,0.000183251
None0,744.0,1664.0,0.000733003
None0,744.0,1665.0,0.000183251
None0,744.0,1667.0,0.001282756
None0,744.0,1668.0,0.000366502
None0,744.0,1670.0,0.000183251
None0,744.0,1672.0,0.000183251
None0,744.0,1674.0,0.000183251
None0,744.0,1677.0,0.000183251
None0,744.0,1680.0,0.000366502
None0,744.0,1681.0,0.000183251
None0,744.0,1682.0,0.000733003
None0,744.0,1683.0,0.000183251
None0,744.0,1684.0,0.000366502
None0,744.0,1685.0,0.000549753
None0,744.0,1686.0,0.000549753
None0,744.0,1687.0,0.000183251
None0,744.0,1689.0,0.000366502
None0,744.0,1691.0,0.000366502
None0,744.0,1695.0,0.002748763
None0,744.0,1696.0,0.000183251
None0,744.0,1701.0,0.000549753
None0,744.0,1702.0,0.000916254
None0,744.0,1703.0,0.000183251
None0,744.0,1704.0,0.000549753
None0,744.0,1708.0,0.000183251
None0,744.0,1709.0,0.000366502
None0,744.0,1710.0,0.008246289
None0,744.0,1712.0,0.001282756
None0,744.0,1715.0,0.000549753
None0,744.0,1716.0,0.000366502
None0,744.0,1722.0,0.000549753
None0,744.0,1724.0,0.000366502
None0,744.0,1725.0,0.000183251
None0,744.0,1727.0,0.001099505
None0,744.0,1728.0,0.000916254
None0,744.0,1729.0,0.000183251
None0,744.0,1731.0,0.001832509
None0,744.0,1733.0,0.000733003
None0,744.0,1737.0,0.005131024
None0,744.0,1740.0,0.000183251
None0,744.0,1741.0,0.000733003
None0,744.0,1742.0,0.003115265
None0,744.0,1745.0,0.000183251
None0,744.0,1746.0,0.000549753
None0,744.0,1747.0,0.000733003
None0,744.0,1748.0,0.000183251
None0,744.0,1749.0,0.000916254
None0,744.0,1750.0,0.000183251
None0,744.0,1753.0,0.000366502
None0,744.0,1754.0,0.000366502
None0,744.0,1755.0,0.005497526
None0,744.0,1756.0,0.000733003
None0,744.0,1759.0,0.000183251
None0,744.0,1762.0,0.000183251
None0,744.0,1764.0,0.000366502
None0,744.0,1765.0,0.000183251
None0,744.0,1766.0,0.000549753
None0,744.0,1767.0,0.000366502
None0,744.0,1773.0,0.004031519
None0,744.0,1774.0,0.000183251
None0,744.0,1775.0,0.001099505
None0,744.0,1778.0,0.000183251
None0,744.0,1781.0,0.000183251
None0,744.0,1783.0,0.000183251
None0,744.0,1785.0,0.000549753
None0,744.0,1787.0,0.000366502
None0,744.0,1791.0,0.000183251
None0,744.0,1794.0,0.000183251
None0,744.0,1796.0,0.001466007
None0,744.0,1801.0,0.000366502
None0,744.0,1802.0,0.000366502
None0,744.0,1805.0,0.002932014
None0,744.0,1806.0,0.000366502
None0,744.0,1808.0,0.000183251
None0,744.0,1809.0,0.000549753
None0,744.0,1813.0,0.000916254
None0,744.0,1814.0,0.003115265
None0,744.0,1817.0,0.000183251
None0,744.0,1818.0,0.000366502
None0,744.0,1821.0,0.001099505
None0,744.0,1825.0,0.001099505
None0,744.0,1827.0,0.000916254
None0,744.0,1834.0,0.002748763
None0,744.0,1837.0,0.000733003
None0,744.0,1841.0,0.000366502
None0,744.0,1843.0,0.000183251
None0,744.0,1846.0,0.001649258
None0,744.0,1847.0,0.000916254
None0,744.0,1848.0,0.000183251
None0,744.0,1849.0,0.001832509
None0,744.0,1850.0,0.000366502
None0,744.0,1851.0,0.000916254
None0,744.0,1857.0,0.000549753
None0,744.0,1860.0,0.000183251
None0,744.0,1861.0,0.000366502
None0,744.0,1863.0,0.000549753
None0,744.0,1866.0,0.000183251
None0,744.0,1868.0,0.000183251
None0,744.0,1870.0,0.000183251
None0,744.0,1871.0,0.000916254
None0,744.0,1872.0,0.000183251
None0,744.0,1877.0,0.000916254
None0,744.0,1878.0,0.001099505
None0,744.0,1881.0,0.000183251
None0,744.0,1882.0,0.000183251
None0,744.0,1883.0,0.000183251
None0,744.0,1884.0,0.000366502
None0,744.0,1886.0,0.000183251
None0,744.0,1888.0,0.000366502
None0,744.0,1889.0,0.000183251
None0,744.0,1890.0,0.000183251
None0,744.0,1891.0,0.000183251
None0,744.0,1893.0,0.000916254
None0,744.0,1895.0,0.001282756
None0,744.0,1896.0,0.000733003
None0,744.0,1897.0,0.003298516
None0,744.0,1899.0,0.000916254
None0,744.0,1901.0,0.000549753
None0,744.0,1904.0,0.001466007
None0,744.0,1905.0,0.000366502
None0,744.0,1907.0,0.017042331
None0,744.0,1908.0,0.001649258
None0,744.0,1913.0,0.00421477
None0,744.0,1914.0,0.000366502
None0,744.0,1915.0,0.001282756
None0,744.0,1921.0,0.000549753
None0,744.0,1923.0,0.000366502
None0,744.0,1925.0,0.000183251
None0,744.0,1927.0,0.000366502
None0,744.0,1928.0,0.000366502
None0,744.0,1930.0,0.000183251
None0,744.0,1932.0,0.000183251
None0,744.0,1933.0,0.000183251
None0,744.0,1934.0,0.000183251
None0,744.0,1943.0,0.000549753
None0,744.0,1944.0,0.001832509
None0,744.0,1947.0,0.000183251
None0,744.0,1948.0,0.001282756
None0,744.0,1952.0,0.000183251
None0,744.0,1953.0,0.002932014
None0,744.0,1954.0,0.000183251
None0,744.0,1959.0,0.000366502
None0,744.0,1960.0,0.000366502
None0,744.0,1964.0,0.000183251
None0,744.0,1965.0,0.001832509
None0,744.0,1966.0,0.001466007
None0,744.0,1967.0,0.000183251
None0,744.0,1968.0,0.000183251
None0,744.0,1971.0,0.000183251
None0,744.0,1972.0,0.000549753
None0,744.0,1973.0,0.000183251
None0,744.0,1975.0,0.000183251
None0,744.0,1976.0,0.000183251
None0,744.0,1977.0,0.000916254
None0,744.0,1978.0,0.000183251
None0,744.0,1979.0,0.000183251
None0,744.0,1983.0,0.000549753
None0,744.0,1984.0,0.000366502
None0,744.0,1985.0,0.000183251
None0,744.0,1986.0,0.000183251
None0,744.0,1988.0,0.000366502
None0,744.0,1991.0,0.001649258
None0,744.0,1992.0,0.000916254
None0,744.0,1993.0,0.000733003
None0,744.0,1994.0,0.000366502
None0,745.0,0.0,3.98e-05
None0,745.0,2.0,0.000437828
None0,745.0,3.0,9.95e-05
None0,745.0,4.0,0.000139309
None0,745.0,5.0,1.99e-05
None0,745.0,12.0,0.000139309
None0,745.0,13.0,0.001273683
None0,745.0,17.0,1.99e-05
None0,745.0,21.0,7.96e-05
None0,745.0,24.0,9.95e-05
None0,745.0,26.0,1.99e-05
None0,745.0,27.0,0.000995064
None0,745.0,28.0,3.98e-05
None0,745.0,29.0,0.000119408
None0,745.0,30.0,7.96e-05
None0,745.0,31.0,9.95e-05
None0,745.0,33.0,7.96e-05
None0,745.0,35.0,1.99e-05
None0,745.0,36.0,5.97e-05
None0,745.0,37.0,7.96e-05
None0,745.0,38.0,0.003363318
None0,745.0,39.0,1.99e-05
None0,745.0,40.0,1.99e-05
None0,745.0,42.0,1.99e-05
None0,745.0,44.0,3.98e-05
None0,745.0,49.0,9.95e-05
None0,745.0,50.0,1.99e-05
None0,745.0,51.0,1.99e-05
None0,745.0,54.0,7.96e-05
None0,745.0,57.0,1.99e-05
None0,745.0,58.0,1.99e-05
None0,745.0,60.0,7.96e-05
None0,745.0,63.0,0.000139309
None0,745.0,67.0,1.99e-05
None0,745.0,68.0,5.97e-05
None0,745.0,69.0,0.00061694
None0,745.0,70.0,1.99e-05
None0,745.0,71.0,1.99e-05
None0,745.0,72.0,5.97e-05
None0,745.0,74.0,5.97e-05
None0,745.0,75.0,3.98e-05
None0,745.0,76.0,1.99e-05
None0,745.0,77.0,0.000119408
None0,745.0,82.0,7.96e-05
None0,745.0,83.0,5.97e-05
None0,745.0,84.0,1.99e-05
None0,745.0,88.0,0.000278618
None0,745.0,89.0,1.99e-05
None0,745.0,91.0,1.99e-05
None0,745.0,94.0,1.99e-05
None0,745.0,95.0,1.99e-05
None0,745.0,117.0,3.98e-05
None0,745.0,123.0,1.99e-05
None0,745.0,128.0,0.00015921
None0,745.0,134.0,1.99e-05
None0,745.0,147.0,1.99e-05
None0,745.0,159.0,3.98e-05
None0,745.0,164.0,3.98e-05
None0,745.0,169.0,0.000179112
None0,745.0,171.0,0.000318421
None0,745.0,175.0,1.99e-05
None0,745.0,176.0,1.99e-05
None0,745.0,177.0,0.000318421
None0,745.0,178.0,0.000119408
None0,745.0,179.0,3.98e-05
None0,745.0,180.0,9.95e-05
None0,745.0,182.0,1.99e-05
None0,745.0,187.0,5.97e-05
None0,745.0,188.0,1.99e-05
None0,745.0,189.0,0.000517434
None0,745.0,190.0,0.000318421
None0,745.0,191.0,0.000557236
None0,745.0,193.0,1.99e-05
None0,745.0,194.0,0.000278618
None0,745.0,195.0,0.000199013
None0,745.0,198.0,0.00123388
None0,745.0,201.0,1.99e-05
None0,745.0,227.0,0.00045773
None0,745.0,228.0,5.97e-05
None0,745.0,229.0,0.000238815
None0,745.0,230.0,0.000318421
None0,745.0,231.0,1.99e-05
None0,745.0,233.0,1.99e-05
None0,745.0,234.0,7.96e-05
None0,745.0,237.0,5.97e-05
None0,745.0,238.0,0.000179112
None0,745.0,241.0,1.99e-05
None0,745.0,242.0,3.98e-05
None0,745.0,243.0,0.000855755
None0,745.0,247.0,0.000378125
None0,745.0,248.0,0.000815953
None0,745.0,249.0,0.00015921
None0,745.0,250.0,0.000139309
None0,745.0,251.0,7.96e-05
None0,745.0,252.0,0.001154275
None0,745.0,254.0,1.99e-05
None0,745.0,255.0,1.99e-05
None0,745.0,257.0,5.97e-05
None0,745.0,258.0,5.97e-05
None0,745.0,261.0,0.000139309
None0,745.0,262.0,1.99e-05
None0,745.0,266.0,0.000139309
None0,745.0,267.0,3.98e-05
None0,745.0,269.0,3.98e-05
None0,745.0,270.0,0.000656743
None0,745.0,271.0,0.000179112
None0,745.0,275.0,3.98e-05
None0,745.0,276.0,0.004557395
None0,745.0,278.0,1.99e-05
None0,745.0,282.0,1.99e-05
None0,745.0,286.0,0.001273683
None0,745.0,288.0,0.000119408
None0,745.0,290.0,1.99e-05
None0,745.0,291.0,0.000298519
None0,745.0,301.0,0.001014966
None0,745.0,302.0,5.97e-05
None0,745.0,304.0,0.000199013
None0,745.0,309.0,0.000238815
None0,745.0,310.0,0.000298519
None0,745.0,313.0,3.98e-05
None0,745.0,315.0,1.99e-05
None0,745.0,319.0,5.97e-05
None0,745.0,328.0,1.99e-05
None0,745.0,341.0,1.99e-05
None0,745.0,356.0,5.97e-05
None0,745.0,364.0,0.000975163
None0,745.0,365.0,3.98e-05
None0,745.0,369.0,0.000179112
None0,745.0,370.0,0.000676644
None0,745.0,371.0,0.000298519
None0,745.0,377.0,1.99e-05
None0,745.0,378.0,0.001990129
None0,745.0,379.0,0.000199013
None0,745.0,380.0,3.98e-05
None0,745.0,382.0,0.000955262
None0,745.0,383.0,0.000218914
None0,745.0,387.0,7.96e-05
None0,745.0,389.0,7.96e-05
None0,745.0,390.0,3.98e-05
None0,745.0,391.0,0.000378125
None0,745.0,394.0,7.96e-05
None0,745.0,398.0,0.001890623
None0,745.0,399.0,1.99e-05
None0,745.0,402.0,1.99e-05
None0,745.0,405.0,1.99e-05
None0,745.0,409.0,0.000258717
None0,745.0,410.0,1.99e-05
None0,745.0,411.0,0.000258717
None0,745.0,412.0,1.99e-05
None0,745.0,415.0,3.98e-05
None0,745.0,416.0,1.99e-05
None0,745.0,419.0,0.000835854
None0,745.0,420.0,0.000199013
None0,745.0,424.0,5.97e-05
None0,745.0,425.0,3.98e-05
None0,745.0,427.0,1.99e-05
None0,745.0,429.0,3.98e-05
None0,745.0,432.0,7.96e-05
None0,745.0,437.0,1.99e-05
None0,745.0,439.0,0.000676644
None0,745.0,441.0,1.99e-05
None0,745.0,442.0,9.95e-05
None0,745.0,445.0,5.97e-05
None0,745.0,446.0,7.96e-05
None0,745.0,447.0,3.98e-05
None0,745.0,450.0,5.97e-05
None0,745.0,454.0,1.99e-05
None0,745.0,456.0,1.99e-05
None0,745.0,457.0,0.001174176
None0,745.0,458.0,0.000139309
None0,745.0,462.0,0.002388155
None0,745.0,465.0,1.99e-05
None0,745.0,466.0,1.99e-05
None0,745.0,467.0,1.99e-05
None0,745.0,469.0,0.000238815
None0,745.0,472.0,0.005194237
None0,745.0,473.0,0.000557236
None0,745.0,478.0,0.00077615
None0,745.0,481.0,3.98e-05
None0,745.0,482.0,1.99e-05
None0,745.0,483.0,1.99e-05
None0,745.0,484.0,0.000119408
None0,745.0,488.0,3.98e-05
None0,745.0,490.0,0.002069734
None0,745.0,495.0,5.97e-05
None0,745.0,496.0,1.99e-05
None0,745.0,501.0,5.97e-05
None0,745.0,504.0,1.99e-05
None0,745.0,505.0,7.96e-05
None0,745.0,506.0,0.00045773
None0,745.0,510.0,1.99e-05
None0,745.0,511.0,1.99e-05
None0,745.0,515.0,5.97e-05
None0,745.0,517.0,1.99e-05
None0,745.0,519.0,1.99e-05
None0,745.0,520.0,1.99e-05
None0,745.0,523.0,0.00015921
None0,745.0,526.0,1.99e-05
None0,745.0,528.0,0.000218914
None0,745.0,530.0,9.95e-05
None0,745.0,531.0,3.98e-05
None0,745.0,532.0,1.99e-05
None0,745.0,533.0,9.95e-05
None0,745.0,538.0,1.99e-05
None0,745.0,545.0,0.000477631
None0,745.0,546.0,0.000119408
None0,745.0,551.0,1.99e-05
None0,745.0,552.0,3.98e-05
None0,745.0,553.0,0.000378125
None0,745.0,557.0,1.99e-05
None0,745.0,561.0,1.99e-05
None0,745.0,564.0,0.000238815
None0,745.0,565.0,1.99e-05
None0,745.0,566.0,5.97e-05
None0,745.0,567.0,1.99e-05
None0,745.0,568.0,9.95e-05
None0,745.0,569.0,3.98e-05
None0,745.0,570.0,1.99e-05
None0,745.0,572.0,3.98e-05
None0,745.0,574.0,1.99e-05
None0,745.0,576.0,1.99e-05
None0,745.0,581.0,3.98e-05
None0,745.0,582.0,0.000258717
None0,745.0,583.0,1.99e-05
None0,745.0,584.0,1.99e-05
None0,745.0,587.0,0.00015921
None0,745.0,589.0,1.99e-05
None0,745.0,596.0,1.99e-05
None0,745.0,601.0,0.00262697
None0,745.0,606.0,5.97e-05
None0,745.0,608.0,1.99e-05
None0,745.0,611.0,1.99e-05
None0,745.0,613.0,0.000378125
None0,745.0,616.0,5.97e-05
None0,745.0,619.0,1.99e-05
None0,745.0,621.0,9.95e-05
None0,745.0,622.0,3.98e-05
None0,745.0,623.0,0.000119408
None0,745.0,629.0,3.98e-05
None0,745.0,634.0,0.000358223
None0,745.0,635.0,0.000417927
None0,745.0,637.0,1.99e-05
None0,745.0,638.0,1.99e-05
None0,745.0,640.0,7.96e-05
None0,745.0,645.0,5.97e-05
None0,745.0,648.0,0.001950326
None0,745.0,653.0,3.98e-05
None0,745.0,655.0,5.97e-05
None0,745.0,657.0,5.97e-05
None0,745.0,663.0,7.96e-05
None0,745.0,665.0,9.95e-05
None0,745.0,667.0,0.000497532
None0,745.0,669.0,0.000258717
None0,745.0,671.0,3.98e-05
None0,745.0,672.0,1.99e-05
None0,745.0,673.0,0.000199013
None0,745.0,675.0,5.97e-05
None0,745.0,676.0,1.99e-05
None0,745.0,681.0,0.001373189
None0,745.0,683.0,1.99e-05
None0,745.0,691.0,0.000278618
None0,745.0,693.0,1.99e-05
None0,745.0,696.0,3.98e-05
None0,745.0,699.0,1.99e-05
None0,745.0,702.0,5.97e-05
None0,745.0,703.0,0.000338322
None0,745.0,704.0,7.96e-05
None0,745.0,707.0,1.99e-05
None0,745.0,708.0,1.99e-05
None0,745.0,709.0,1.99e-05
None0,745.0,717.0,0.000278618
None0,745.0,718.0,1.99e-05
None0,745.0,723.0,3.98e-05
None0,745.0,728.0,1.99e-05
None0,745.0,729.0,9.95e-05
None0,745.0,733.0,1.99e-05
None0,745.0,734.0,0.000278618
None0,745.0,735.0,3.98e-05
None0,745.0,738.0,1.99e-05
None0,745.0,739.0,0.001333386
None0,745.0,740.0,3.98e-05
None0,745.0,741.0,0.003024996
None0,745.0,742.0,0.000119408
None0,745.0,743.0,9.95e-05
None0,745.0,747.0,0.000119408
None0,745.0,748.0,5.97e-05
None0,745.0,750.0,0.000318421
None0,745.0,751.0,5.97e-05
None0,745.0,754.0,3.98e-05
None0,745.0,759.0,0.000398026
None0,745.0,761.0,3.98e-05
None0,745.0,766.0,7.96e-05
None0,745.0,767.0,7.96e-05
None0,745.0,768.0,0.000437828
None0,745.0,769.0,7.96e-05
None0,745.0,772.0,1.99e-05
None0,745.0,773.0,3.98e-05
None0,745.0,774.0,1.99e-05
None0,745.0,777.0,1.99e-05
None0,745.0,780.0,1.99e-05
None0,745.0,783.0,1.99e-05
None0,745.0,789.0,3.98e-05
None0,745.0,794.0,5.97e-05
None0,745.0,795.0,3.98e-05
None0,745.0,798.0,1.99e-05
None0,745.0,799.0,0.003681739
None0,745.0,800.0,0.000119408
None0,745.0,805.0,5.97e-05
None0,745.0,806.0,1.99e-05
None0,745.0,808.0,1.99e-05
None0,745.0,810.0,9.95e-05
None0,745.0,811.0,1.99e-05
None0,745.0,815.0,0.000537335
None0,745.0,816.0,5.97e-05
None0,745.0,817.0,1.99e-05
None0,745.0,818.0,9.95e-05
None0,745.0,820.0,1.99e-05
None0,745.0,823.0,3.98e-05
None0,745.0,824.0,1.99e-05
None0,745.0,825.0,5.97e-05
None0,745.0,826.0,1.99e-05
None0,745.0,834.0,1.99e-05
None0,745.0,836.0,3.98e-05
None0,745.0,839.0,7.96e-05
None0,745.0,843.0,3.98e-05
None0,745.0,844.0,0.000199013
None0,745.0,845.0,1.99e-05
None0,745.0,847.0,0.00015921
None0,745.0,848.0,3.98e-05
None0,745.0,850.0,3.98e-05
None0,745.0,853.0,1.99e-05
None0,745.0,854.0,7.96e-05
None0,745.0,855.0,1.99e-05
None0,745.0,857.0,0.00015921
None0,745.0,859.0,1.99e-05
None0,745.0,861.0,1.99e-05
None0,745.0,862.0,0.000278618
None0,745.0,863.0,1.99e-05
None0,745.0,865.0,0.002129438
None0,745.0,868.0,0.000378125
None0,745.0,870.0,1.99e-05
None0,745.0,874.0,0.002029932
None0,745.0,877.0,1.99e-05
None0,745.0,883.0,3.98e-05
None0,745.0,885.0,0.000218914
None0,745.0,886.0,0.000119408
None0,745.0,887.0,3.98e-05
None0,745.0,888.0,1.99e-05
None0,745.0,889.0,0.000199013
None0,745.0,895.0,1.99e-05
None0,745.0,896.0,3.98e-05
None0,745.0,897.0,0.000358223
None0,745.0,908.0,7.96e-05
None0,745.0,910.0,1.99e-05
None0,745.0,913.0,0.000139309
None0,745.0,915.0,5.97e-05
None0,745.0,919.0,7.96e-05
None0,745.0,922.0,1.99e-05
None0,745.0,924.0,3.98e-05
None0,745.0,928.0,3.98e-05
None0,745.0,929.0,0.001651807
None0,745.0,931.0,1.99e-05
None0,745.0,933.0,1.99e-05
None0,745.0,935.0,3.98e-05
None0,745.0,946.0,3.98e-05
None0,745.0,948.0,1.99e-05
None0,745.0,950.0,3.98e-05
None0,745.0,952.0,7.96e-05
None0,745.0,953.0,3.98e-05
None0,745.0,954.0,0.000238815
None0,745.0,957.0,1.99e-05
None0,745.0,958.0,7.96e-05
None0,745.0,962.0,0.000437828
None0,745.0,963.0,3.98e-05
None0,745.0,964.0,0.000855755
None0,745.0,965.0,0.000656743
None0,745.0,966.0,1.99e-05
None0,745.0,969.0,1.99e-05
None0,745.0,970.0,1.99e-05
None0,745.0,971.0,3.98e-05
None0,745.0,972.0,0.001293584
None0,745.0,977.0,1.99e-05
None0,745.0,978.0,1.99e-05
None0,745.0,979.0,0.000497532
None0,745.0,980.0,0.001970228
None0,745.0,983.0,1.99e-05
None0,745.0,984.0,1.99e-05
None0,745.0,985.0,1.99e-05
None0,745.0,987.0,0.000179112
None0,745.0,989.0,0.000218914
None0,745.0,990.0,0.000139309
None0,745.0,992.0,3.98e-05
None0,745.0,996.0,0.000417927
None0,745.0,1000.0,1.99e-05
None0,745.0,1001.0,0.009910842
None0,745.0,1003.0,0.000656743
None0,745.0,1010.0,5.97e-05
None0,745.0,1011.0,1.99e-05
None0,745.0,1013.0,1.99e-05
None0,745.0,1015.0,0.00045773
None0,745.0,1018.0,1.99e-05
None0,745.0,1025.0,3.98e-05
None0,745.0,1026.0,5.97e-05
None0,745.0,1027.0,0.000179112
None0,745.0,1030.0,1.99e-05
None0,745.0,1040.0,3.98e-05
None0,745.0,1042.0,0.000179112
None0,745.0,1043.0,0.000517434
None0,745.0,1046.0,1.99e-05
None0,745.0,1047.0,9.95e-05
None0,745.0,1048.0,3.98e-05
None0,745.0,1051.0,3.98e-05
None0,745.0,1052.0,9.95e-05
None0,745.0,1053.0,5.97e-05
None0,745.0,1054.0,0.001014966
None0,745.0,1056.0,5.97e-05
None0,745.0,1059.0,3.98e-05
None0,745.0,1060.0,7.96e-05
None0,745.0,1064.0,3.98e-05
None0,745.0,1065.0,5.97e-05
None0,745.0,1066.0,1.99e-05
None0,745.0,1071.0,1.99e-05
None0,745.0,1073.0,0.000139309
None0,745.0,1078.0,5.97e-05
None0,745.0,1081.0,3.98e-05
None0,745.0,1083.0,1.99e-05
None0,745.0,1084.0,5.97e-05
None0,745.0,1088.0,1.99e-05
None0,745.0,1090.0,5.97e-05
None0,745.0,1092.0,3.98e-05
None0,745.0,1093.0,1.99e-05
None0,745.0,1099.0,0.000199013
None0,745.0,1104.0,5.97e-05
None0,745.0,1106.0,5.97e-05
None0,745.0,1110.0,7.96e-05
None0,745.0,1113.0,0.003184206
None0,745.0,1114.0,0.000676644
None0,745.0,1116.0,3.98e-05
None0,745.0,1124.0,7.96e-05
None0,745.0,1127.0,1.99e-05
None0,745.0,1132.0,1.99e-05
None0,745.0,1135.0,7.96e-05
None0,745.0,1136.0,1.99e-05
None0,745.0,1137.0,7.96e-05
None0,745.0,1140.0,0.00045773
None0,745.0,1142.0,1.99e-05
None0,745.0,1144.0,7.96e-05
None0,745.0,1149.0,1.99e-05
None0,745.0,1151.0,1.99e-05
None0,745.0,1152.0,1.99e-05
None0,745.0,1160.0,1.99e-05
None0,745.0,1162.0,0.000119408
None0,745.0,1163.0,0.000955262
None0,745.0,1164.0,1.99e-05
None0,745.0,1172.0,0.001094571
None0,745.0,1175.0,5.97e-05
None0,745.0,1177.0,0.00230855
None0,745.0,1178.0,1.99e-05
None0,745.0,1182.0,0.00015921
None0,745.0,1186.0,0.000218914
None0,745.0,1188.0,1.99e-05
None0,745.0,1192.0,1.99e-05
None0,745.0,1196.0,3.98e-05
None0,745.0,1200.0,3.98e-05
None0,745.0,1202.0,1.99e-05
None0,745.0,1204.0,1.99e-05
None0,745.0,1205.0,1.99e-05
None0,745.0,1207.0,3.98e-05
None0,745.0,1208.0,0.00015921
None0,745.0,1209.0,1.99e-05
None0,745.0,1210.0,1.99e-05
None0,745.0,1212.0,1.99e-05
None0,745.0,1214.0,7.96e-05
None0,745.0,1216.0,1.99e-05
None0,745.0,1220.0,1.99e-05
None0,745.0,1228.0,0.000139309
None0,745.0,1230.0,1.99e-05
None0,745.0,1231.0,5.97e-05
None0,745.0,1235.0,0.000139309
None0,745.0,1237.0,1.99e-05
None0,745.0,1238.0,1.99e-05
None0,745.0,1239.0,7.96e-05
None0,745.0,1241.0,0.000238815
None0,745.0,1242.0,1.99e-05
None0,745.0,1243.0,1.99e-05
None0,745.0,1244.0,9.95e-05
None0,745.0,1246.0,5.97e-05
None0,745.0,1247.0,9.95e-05
None0,745.0,1248.0,1.99e-05
None0,745.0,1250.0,0.001970228
None0,745.0,1252.0,7.96e-05
None0,745.0,1253.0,1.99e-05
None0,745.0,1257.0,1.99e-05
None0,745.0,1258.0,1.99e-05
None0,745.0,1265.0,3.98e-05
None0,745.0,1270.0,0.000179112
None0,745.0,1271.0,0.002746378
None0,745.0,1273.0,3.98e-05
None0,745.0,1274.0,0.000378125
None0,745.0,1275.0,1.99e-05
None0,745.0,1277.0,1.99e-05
None0,745.0,1279.0,7.96e-05
None0,745.0,1280.0,1.99e-05
None0,745.0,1282.0,1.99e-05
None0,745.0,1283.0,1.99e-05
None0,745.0,1284.0,1.99e-05
None0,745.0,1286.0,7.96e-05
None0,745.0,1287.0,7.96e-05
None0,745.0,1289.0,1.99e-05
None0,745.0,1290.0,5.97e-05
None0,745.0,1293.0,3.98e-05
None0,745.0,1299.0,0.000238815
None0,745.0,1301.0,5.97e-05
None0,745.0,1302.0,1.99e-05
None0,745.0,1306.0,0.001492597
None0,745.0,1309.0,1.99e-05
None0,745.0,1310.0,1.99e-05
None0,745.0,1312.0,1.99e-05
None0,745.0,1313.0,5.97e-05
None0,745.0,1316.0,0.000199013
None0,745.0,1317.0,1.99e-05
None0,745.0,1320.0,1.99e-05
None0,745.0,1322.0,0.00015921
None0,745.0,1323.0,1.99e-05
None0,745.0,1324.0,3.98e-05
None0,745.0,1325.0,3.98e-05
None0,745.0,1329.0,0.000238815
None0,745.0,1332.0,0.000119408
None0,745.0,1338.0,7.96e-05
None0,745.0,1341.0,0.003283713
None0,745.0,1342.0,0.001114472
None0,745.0,1344.0,1.99e-05
None0,745.0,1345.0,1.99e-05
None0,745.0,1348.0,5.97e-05
None0,745.0,1351.0,0.000477631
None0,745.0,1353.0,5.97e-05
None0,745.0,1358.0,3.98e-05
None0,745.0,1359.0,1.99e-05
None0,745.0,1360.0,3.98e-05
None0,745.0,1362.0,1.99e-05
None0,745.0,1363.0,0.001353288
None0,745.0,1367.0,3.98e-05
None0,745.0,1369.0,1.99e-05
None0,745.0,1373.0,7.96e-05
None0,745.0,1377.0,5.97e-05
None0,745.0,1379.0,0.000238815
None0,745.0,1380.0,1.99e-05
None0,745.0,1381.0,0.000258717
None0,745.0,1384.0,1.99e-05
None0,745.0,1386.0,3.98e-05
None0,745.0,1387.0,0.000676644
None0,745.0,1392.0,0.000218914
None0,745.0,1395.0,0.000238815
None0,745.0,1398.0,0.000417927
None0,745.0,1400.0,5.97e-05
None0,745.0,1401.0,5.97e-05
None0,745.0,1402.0,1.99e-05
None0,745.0,1403.0,1.99e-05
None0,745.0,1408.0,7.96e-05
None0,745.0,1412.0,5.97e-05
None0,745.0,1413.0,9.95e-05
None0,745.0,1415.0,1.99e-05
None0,745.0,1416.0,0.000139309
None0,745.0,1419.0,5.97e-05
None0,745.0,1420.0,7.96e-05
None0,745.0,1422.0,5.97e-05
None0,745.0,1423.0,1.99e-05
None0,745.0,1425.0,0.000656743
None0,745.0,1429.0,1.99e-05
None0,745.0,1430.0,1.99e-05
None0,745.0,1431.0,9.95e-05
None0,745.0,1437.0,1.99e-05
None0,745.0,1438.0,1.99e-05
None0,745.0,1440.0,3.98e-05
None0,745.0,1443.0,3.98e-05
None0,745.0,1444.0,3.98e-05
None0,745.0,1445.0,3.98e-05
None0,745.0,1454.0,1.99e-05
None0,745.0,1456.0,1.99e-05
None0,745.0,1457.0,1.99e-05
None0,745.0,1460.0,1.99e-05
None0,745.0,1462.0,7.96e-05
None0,745.0,1466.0,0.000119408
None0,745.0,1472.0,1.99e-05
None0,745.0,1479.0,3.98e-05
None0,745.0,1486.0,1.99e-05
None0,745.0,1492.0,1.99e-05
None0,745.0,1494.0,3.98e-05
None0,745.0,1495.0,3.98e-05
None0,745.0,1497.0,3.98e-05
None0,745.0,1498.0,1.99e-05
None0,745.0,1501.0,5.97e-05
None0,745.0,1502.0,1.99e-05
None0,745.0,1503.0,1.99e-05
None0,745.0,1504.0,1.99e-05
None0,745.0,1506.0,9.95e-05
None0,745.0,1507.0,3.98e-05
None0,745.0,1509.0,0.001333386
None0,745.0,1510.0,3.98e-05
None0,745.0,1511.0,0.000119408
None0,745.0,1512.0,3.98e-05
None0,745.0,1514.0,0.000119408
None0,745.0,1517.0,1.99e-05
None0,745.0,1519.0,1.99e-05
None0,745.0,1520.0,3.98e-05
None0,745.0,1522.0,0.00015921
None0,745.0,1523.0,3.98e-05
None0,745.0,1525.0,9.95e-05
None0,745.0,1526.0,1.99e-05
None0,745.0,1528.0,1.99e-05
None0,745.0,1529.0,3.98e-05
None0,745.0,1538.0,0.000139309
None0,745.0,1540.0,1.99e-05
None0,745.0,1541.0,0.000258717
None0,745.0,1543.0,1.99e-05
None0,745.0,1544.0,7.96e-05
None0,745.0,1546.0,1.99e-05
None0,745.0,1551.0,7.96e-05
None0,745.0,1561.0,3.98e-05
None0,745.0,1563.0,1.99e-05
None0,745.0,1565.0,1.99e-05
None0,745.0,1566.0,0.000278618
None0,745.0,1569.0,1.99e-05
None0,745.0,1570.0,5.97e-05
None0,745.0,1573.0,0.000398026
None0,745.0,1575.0,3.98e-05
None0,745.0,1579.0,3.98e-05
None0,745.0,1580.0,0.000258717
None0,745.0,1581.0,9.95e-05
None0,745.0,1584.0,0.063027384
None0,745.0,1585.0,1.99e-05
None0,745.0,1586.0,0.001651807
None0,745.0,1588.0,3.98e-05
None0,745.0,1591.0,3.98e-05
None0,745.0,1593.0,3.98e-05
None0,745.0,1595.0,0.000238815
None0,745.0,1597.0,0.001512498
None0,745.0,1599.0,3.98e-05
None0,745.0,1602.0,5.97e-05
None0,745.0,1605.0,3.98e-05
None0,745.0,1607.0,0.000318421
None0,745.0,1612.0,1.99e-05
None0,745.0,1616.0,0.002845884
None0,745.0,1618.0,0.000437828
None0,745.0,1619.0,1.99e-05
None0,745.0,1623.0,1.99e-05
None0,745.0,1625.0,3.98e-05
None0,745.0,1627.0,9.95e-05
None0,745.0,1628.0,0.001054768
None0,745.0,1634.0,0.000537335
None0,745.0,1636.0,3.98e-05
None0,745.0,1639.0,1.99e-05
None0,745.0,1640.0,0.000139309
None0,745.0,1641.0,1.99e-05
None0,745.0,1642.0,0.001313485
None0,745.0,1644.0,0.000298519
None0,745.0,1648.0,1.99e-05
None0,745.0,1651.0,3.98e-05
None0,745.0,1653.0,3.98e-05
None0,745.0,1655.0,1.99e-05
None0,745.0,1656.0,1.99e-05
None0,745.0,1657.0,1.99e-05
None0,745.0,1660.0,1.99e-05
None0,745.0,1667.0,3.98e-05
None0,745.0,1668.0,3.98e-05
None0,745.0,1669.0,1.99e-05
None0,745.0,1677.0,1.99e-05
None0,745.0,1682.0,1.99e-05
None0,745.0,1684.0,3.98e-05
None0,745.0,1685.0,5.97e-05
None0,745.0,1687.0,0.00061694
None0,745.0,1695.0,0.000199013
None0,745.0,1700.0,1.99e-05
None0,745.0,1701.0,1.99e-05
None0,745.0,1702.0,0.000119408
None0,745.0,1704.0,1.99e-05
None0,745.0,1706.0,1.99e-05
None0,745.0,1708.0,3.98e-05
None0,745.0,1710.0,0.001651807
None0,745.0,1712.0,7.96e-05
None0,745.0,1716.0,7.96e-05
None0,745.0,1719.0,0.00015921
None0,745.0,1723.0,1.99e-05
None0,745.0,1724.0,1.99e-05
None0,745.0,1725.0,1.99e-05
None0,745.0,1727.0,5.97e-05
None0,745.0,1728.0,5.97e-05
None0,745.0,1731.0,0.000577137
None0,745.0,1736.0,1.99e-05
None0,745.0,1737.0,7.96e-05
None0,745.0,1741.0,1.99e-05
None0,745.0,1742.0,0.002965292
None0,745.0,1745.0,3.98e-05
None0,745.0,1747.0,0.000756249
None0,745.0,1749.0,0.000179112
None0,745.0,1754.0,0.000298519
None0,745.0,1755.0,0.001592103
None0,745.0,1756.0,0.000238815
None0,745.0,1757.0,0.000139309
None0,745.0,1764.0,1.99e-05
None0,745.0,1765.0,7.96e-05
None0,745.0,1766.0,1.99e-05
None0,745.0,1773.0,0.000139309
None0,745.0,1775.0,9.95e-05
None0,745.0,1776.0,1.99e-05
None0,745.0,1777.0,1.99e-05
None0,745.0,1780.0,1.99e-05
None0,745.0,1783.0,3.98e-05
None0,745.0,1787.0,0.00015921
None0,745.0,1792.0,1.99e-05
None0,745.0,1793.0,7.96e-05
None0,745.0,1794.0,1.99e-05
None0,745.0,1795.0,5.97e-05
None0,745.0,1796.0,3.98e-05
None0,745.0,1798.0,1.99e-05
None0,745.0,1800.0,1.99e-05
None0,745.0,1802.0,1.99e-05
None0,745.0,1804.0,7.96e-05
None0,745.0,1805.0,3.98e-05
None0,745.0,1809.0,1.99e-05
None0,745.0,1813.0,5.97e-05
None0,745.0,1814.0,0.000199013
None0,745.0,1818.0,3.98e-05
None0,745.0,1821.0,7.96e-05
None0,745.0,1825.0,0.000139309
None0,745.0,1829.0,0.000218914
None0,745.0,1832.0,0.000278618
None0,745.0,1834.0,9.95e-05
None0,745.0,1837.0,1.99e-05
None0,745.0,1843.0,1.99e-05
None0,745.0,1844.0,7.96e-05
None0,745.0,1846.0,0.00015921
None0,745.0,1847.0,3.98e-05
None0,745.0,1849.0,1.99e-05
None0,745.0,1850.0,1.99e-05
None0,745.0,1851.0,3.98e-05
None0,745.0,1857.0,5.97e-05
None0,745.0,1858.0,0.000238815
None0,745.0,1864.0,1.99e-05
None0,745.0,1871.0,1.99e-05
None0,745.0,1873.0,1.99e-05
None0,745.0,1876.0,3.98e-05
None0,745.0,1877.0,7.96e-05
None0,745.0,1878.0,1.99e-05
None0,745.0,1883.0,1.99e-05
None0,745.0,1884.0,1.99e-05
None0,745.0,1887.0,1.99e-05
None0,745.0,1890.0,1.99e-05
None0,745.0,1891.0,3.98e-05
None0,745.0,1893.0,7.96e-05
None0,745.0,1894.0,0.000278618
None0,745.0,1895.0,0.000199013
None0,745.0,1896.0,0.006249005
None0,745.0,1897.0,0.000437828
None0,745.0,1901.0,3.98e-05
None0,745.0,1902.0,1.99e-05
None0,745.0,1904.0,3.98e-05
None0,745.0,1907.0,0.000199013
None0,745.0,1908.0,9.95e-05
None0,745.0,1911.0,7.96e-05
None0,745.0,1913.0,0.000477631
None0,745.0,1914.0,9.95e-05
None0,745.0,1915.0,0.000238815
None0,745.0,1916.0,1.99e-05
None0,745.0,1920.0,1.99e-05
None0,745.0,1921.0,3.98e-05
None0,745.0,1926.0,5.97e-05
None0,745.0,1927.0,1.99e-05
None0,745.0,1928.0,1.99e-05
None0,745.0,1929.0,1.99e-05
None0,745.0,1932.0,1.99e-05
None0,745.0,1936.0,1.99e-05
None0,745.0,1937.0,1.99e-05
None0,745.0,1942.0,5.97e-05
None0,745.0,1944.0,0.000218914
None0,745.0,1947.0,1.99e-05
None0,745.0,1948.0,0.000199013
None0,745.0,1953.0,7.96e-05
None0,745.0,1954.0,0.000636841
None0,745.0,1959.0,1.99e-05
None0,745.0,1960.0,9.95e-05
None0,745.0,1962.0,1.99e-05
None0,745.0,1963.0,7.96e-05
None0,745.0,1964.0,1.99e-05
None0,745.0,1965.0,9.95e-05
None0,745.0,1966.0,1.99e-05
None0,745.0,1967.0,3.98e-05
None0,745.0,1973.0,1.99e-05
None0,745.0,1977.0,5.97e-05
None0,745.0,1991.0,7.96e-05
None0,745.0,1992.0,1.99e-05
None0,745.0,1993.0,1.99e-05
None0,745.0,1996.0,1.99e-05
None0,746.0,0.0,0.003663004
None0,746.0,3.0,0.000732601
None0,746.0,4.0,0.000732601
None0,746.0,5.0,0.001465201
None0,746.0,6.0,0.000732601
None0,746.0,12.0,0.004395604
None0,746.0,13.0,0.003663004
None0,746.0,14.0,0.000732601
None0,746.0,15.0,0.001465201
None0,746.0,17.0,0.000732601
None0,746.0,24.0,0.001465201
None0,746.0,26.0,0.000732601
None0,746.0,27.0,0.013919414
None0,746.0,28.0,0.003663004
None0,746.0,29.0,0.000732601
None0,746.0,30.0,0.002197802
None0,746.0,33.0,0.001465201
None0,746.0,37.0,0.001465201
None0,746.0,38.0,0.022710623
None0,746.0,39.0,0.002197802
None0,746.0,40.0,0.002197802
None0,746.0,41.0,0.001465201
None0,746.0,43.0,0.000732601
None0,746.0,46.0,0.002197802
None0,746.0,47.0,0.000732601
None0,746.0,48.0,0.000732601
None0,746.0,51.0,0.001465201
None0,746.0,52.0,0.001465201
None0,746.0,61.0,0.000732601
None0,746.0,62.0,0.000732601
None0,746.0,63.0,0.000732601
None0,746.0,67.0,0.000732601
None0,746.0,77.0,0.000732601
None0,746.0,82.0,0.000732601
None0,746.0,84.0,0.000732601
None0,746.0,91.0,0.002197802
None0,746.0,102.0,0.000732601
None0,746.0,103.0,0.000732601
None0,746.0,105.0,0.000732601
None0,746.0,115.0,0.000732601
None0,746.0,117.0,0.001465201
None0,746.0,128.0,0.000732601
None0,746.0,131.0,0.000732601
None0,746.0,139.0,0.000732601
None0,746.0,167.0,0.000732601
None0,746.0,168.0,0.000732601
None0,746.0,174.0,0.000732601
None0,746.0,175.0,0.000732601
None0,746.0,176.0,0.000732601
None0,746.0,177.0,0.002930403
None0,746.0,178.0,0.001465201
None0,746.0,179.0,0.000732601
None0,746.0,180.0,0.000732601
None0,746.0,185.0,0.002930403
None0,746.0,191.0,0.000732601
None0,746.0,194.0,0.000732601
None0,746.0,195.0,0.000732601
None0,746.0,199.0,0.000732601
None0,746.0,201.0,0.001465201
None0,746.0,228.0,0.002197802
None0,746.0,231.0,0.000732601
None0,746.0,236.0,0.000732601
None0,746.0,237.0,0.001465201
None0,746.0,238.0,0.001465201
None0,746.0,241.0,0.002930403
None0,746.0,243.0,0.000732601
None0,746.0,244.0,0.001465201
None0,746.0,245.0,0.000732601
None0,746.0,247.0,0.002197802
None0,746.0,250.0,0.000732601
None0,746.0,251.0,0.002197802
None0,746.0,254.0,0.000732601
None0,746.0,255.0,0.000732601
None0,746.0,256.0,0.000732601
None0,746.0,257.0,0.000732601
None0,746.0,258.0,0.001465201
None0,746.0,259.0,0.000732601
None0,746.0,261.0,0.003663004
None0,746.0,262.0,0.000732601
None0,746.0,270.0,0.000732601
None0,746.0,282.0,0.000732601
None0,746.0,286.0,0.002930403
None0,746.0,288.0,0.000732601
None0,746.0,298.0,0.000732601
None0,746.0,301.0,0.001465201
None0,746.0,304.0,0.002930403
None0,746.0,309.0,0.002930403
None0,746.0,310.0,0.003663004
None0,746.0,313.0,0.000732601
None0,746.0,314.0,0.001465201
None0,746.0,319.0,0.059340659
None0,746.0,324.0,0.000732601
None0,746.0,325.0,0.001465201
None0,746.0,327.0,0.000732601
None0,746.0,338.0,0.002197802
None0,746.0,346.0,0.000732601
None0,746.0,348.0,0.000732601
None0,746.0,358.0,0.001465201
None0,746.0,359.0,0.000732601
None0,746.0,361.0,0.000732601
None0,746.0,364.0,0.002197802
None0,746.0,365.0,0.003663004
None0,746.0,369.0,0.002930403
None0,746.0,371.0,0.000732601
None0,746.0,372.0,0.000732601
None0,746.0,378.0,0.001465201
None0,746.0,380.0,0.000732601
None0,746.0,381.0,0.000732601
None0,746.0,382.0,0.000732601
None0,746.0,383.0,0.000732601
None0,746.0,387.0,0.001465201
None0,746.0,388.0,0.000732601
None0,746.0,394.0,0.003663004
None0,746.0,398.0,0.000732601
None0,746.0,403.0,0.007326007
None0,746.0,411.0,0.000732601
None0,746.0,412.0,0.000732601
None0,746.0,415.0,0.005128205
None0,746.0,417.0,0.004395604
None0,746.0,420.0,0.001465201
None0,746.0,425.0,0.000732601
None0,746.0,432.0,0.002930403
None0,746.0,439.0,0.002930403
None0,746.0,446.0,0.000732601
None0,746.0,448.0,0.000732601
None0,746.0,450.0,0.001465201
None0,746.0,453.0,0.001465201
None0,746.0,454.0,0.005128205
None0,746.0,456.0,0.000732601
None0,746.0,457.0,0.000732601
None0,746.0,459.0,0.001465201
None0,746.0,460.0,0.001465201
None0,746.0,464.0,0.000732601
None0,746.0,465.0,0.000732601
None0,746.0,467.0,0.001465201
None0,746.0,472.0,0.000732601
None0,746.0,473.0,0.001465201
None0,746.0,477.0,0.000732601
None0,746.0,479.0,0.000732601
None0,746.0,481.0,0.000732601
None0,746.0,482.0,0.001465201
None0,746.0,483.0,0.000732601
None0,746.0,489.0,0.000732601
None0,746.0,490.0,0.000732601
None0,746.0,495.0,0.004395604
None0,746.0,496.0,0.000732601
None0,746.0,501.0,0.000732601
None0,746.0,505.0,0.000732601
None0,746.0,506.0,0.002197802
None0,746.0,509.0,0.000732601
None0,746.0,512.0,0.000732601
None0,746.0,516.0,0.001465201
None0,746.0,517.0,0.000732601
None0,746.0,519.0,0.005860806
None0,746.0,523.0,0.000732601
None0,746.0,526.0,0.011721612
None0,746.0,528.0,0.006593407
None0,746.0,529.0,0.000732601
None0,746.0,531.0,0.002197802
None0,746.0,533.0,0.005128205
None0,746.0,538.0,0.000732601
None0,746.0,546.0,0.000732601
None0,746.0,552.0,0.000732601
None0,746.0,553.0,0.000732601
None0,746.0,554.0,0.002197802
None0,746.0,557.0,0.001465201
None0,746.0,561.0,0.000732601
None0,746.0,568.0,0.000732601
None0,746.0,571.0,0.000732601
None0,746.0,572.0,0.002197802
None0,746.0,583.0,0.002197802
None0,746.0,584.0,0.000732601
None0,746.0,587.0,0.001465201
None0,746.0,590.0,0.000732601
None0,746.0,596.0,0.000732601
None0,746.0,598.0,0.002930403
None0,746.0,606.0,0.000732601
None0,746.0,612.0,0.002197802
None0,746.0,613.0,0.000732601
None0,746.0,615.0,0.002197802
None0,746.0,616.0,0.000732601
None0,746.0,622.0,0.000732601
None0,746.0,629.0,0.000732601
None0,746.0,630.0,0.005128205
None0,746.0,632.0,0.001465201
None0,746.0,638.0,0.007326007
None0,746.0,643.0,0.000732601
None0,746.0,645.0,0.002197802
None0,746.0,649.0,0.000732601
None0,746.0,655.0,0.001465201
None0,746.0,656.0,0.000732601
None0,746.0,659.0,0.000732601
None0,746.0,664.0,0.002197802
None0,746.0,665.0,0.000732601
None0,746.0,666.0,0.003663004
None0,746.0,669.0,0.001465201
None0,746.0,670.0,0.00952381
None0,746.0,671.0,0.000732601
None0,746.0,672.0,0.000732601
None0,746.0,676.0,0.000732601
None0,746.0,677.0,0.002930403
None0,746.0,678.0,0.000732601
None0,746.0,680.0,0.000732601
None0,746.0,681.0,0.001465201
None0,746.0,683.0,0.000732601
None0,746.0,686.0,0.001465201
None0,746.0,689.0,0.000732601
None0,746.0,691.0,0.000732601
None0,746.0,697.0,0.000732601
None0,746.0,704.0,0.004395604
None0,746.0,722.0,0.001465201
None0,746.0,725.0,0.000732601
None0,746.0,727.0,0.002197802
None0,746.0,737.0,0.001465201
None0,746.0,738.0,0.000732601
None0,746.0,739.0,0.000732601
None0,746.0,747.0,0.001465201
None0,746.0,751.0,0.001465201
None0,746.0,768.0,0.000732601
None0,746.0,769.0,0.000732601
None0,746.0,770.0,0.000732601
None0,746.0,773.0,0.000732601
None0,746.0,774.0,0.000732601
None0,746.0,778.0,0.000732601
None0,746.0,780.0,0.001465201
None0,746.0,781.0,0.000732601
None0,746.0,784.0,0.001465201
None0,746.0,785.0,0.000732601
None0,746.0,792.0,0.000732601
None0,746.0,800.0,0.000732601
None0,746.0,802.0,0.000732601
None0,746.0,805.0,0.002197802
None0,746.0,807.0,0.000732601
None0,746.0,816.0,0.004395604
None0,746.0,818.0,0.001465201
None0,746.0,825.0,0.001465201
None0,746.0,827.0,0.000732601
None0,746.0,828.0,0.000732601
None0,746.0,829.0,0.000732601
None0,746.0,839.0,0.001465201
None0,746.0,840.0,0.000732601
None0,746.0,843.0,0.000732601
None0,746.0,847.0,0.000732601
None0,746.0,848.0,0.014652015
None0,746.0,852.0,0.000732601
None0,746.0,857.0,0.000732601
None0,746.0,858.0,0.000732601
None0,746.0,860.0,0.000732601
None0,746.0,861.0,0.001465201
None0,746.0,862.0,0.000732601
None0,746.0,863.0,0.002197802
None0,746.0,864.0,0.001465201
None0,746.0,870.0,0.000732601
None0,746.0,882.0,0.001465201
None0,746.0,883.0,0.000732601
None0,746.0,885.0,0.000732601
None0,746.0,887.0,0.000732601
None0,746.0,891.0,0.000732601
None0,746.0,893.0,0.002197802
None0,746.0,898.0,0.000732601
None0,746.0,904.0,0.000732601
None0,746.0,907.0,0.001465201
None0,746.0,918.0,0.000732601
None0,746.0,923.0,0.002197802
None0,746.0,925.0,0.001465201
None0,746.0,933.0,0.002930403
None0,746.0,938.0,0.002197802
None0,746.0,940.0,0.004395604
None0,746.0,946.0,0.000732601
None0,746.0,947.0,0.000732601
None0,746.0,948.0,0.002930403
None0,746.0,951.0,0.000732601
None0,746.0,952.0,0.002197802
None0,746.0,954.0,0.002930403
None0,746.0,957.0,0.000732601
None0,746.0,958.0,0.000732601
None0,746.0,961.0,0.002197802
None0,746.0,964.0,0.001465201
None0,746.0,969.0,0.000732601
None0,746.0,978.0,0.002930403
None0,746.0,986.0,0.003663004
None0,746.0,988.0,0.000732601
None0,746.0,989.0,0.00952381
None0,746.0,990.0,0.002197802
None0,746.0,993.0,0.000732601
None0,746.0,995.0,0.000732601
None0,746.0,998.0,0.002197802
None0,746.0,1002.0,0.001465201
None0,746.0,1004.0,0.000732601
None0,746.0,1006.0,0.000732601
None0,746.0,1010.0,0.000732601
None0,746.0,1012.0,0.001465201
None0,746.0,1013.0,0.000732601
None0,746.0,1014.0,0.000732601
None0,746.0,1015.0,0.005860806
None0,746.0,1016.0,0.002930403
None0,746.0,1017.0,0.000732601
None0,746.0,1020.0,0.000732601
None0,746.0,1024.0,0.000732601
None0,746.0,1025.0,0.000732601
None0,746.0,1026.0,0.000732601
None0,746.0,1027.0,0.002197802
None0,746.0,1029.0,0.000732601
None0,746.0,1042.0,0.000732601
None0,746.0,1046.0,0.001465201
None0,746.0,1052.0,0.000732601
None0,746.0,1053.0,0.000732601
None0,746.0,1054.0,0.001465201
None0,746.0,1058.0,0.001465201
None0,746.0,1068.0,0.000732601
None0,746.0,1069.0,0.000732601
None0,746.0,1072.0,0.002197802
None0,746.0,1074.0,0.000732601
None0,746.0,1075.0,0.000732601
None0,746.0,1078.0,0.001465201
None0,746.0,1079.0,0.000732601
None0,746.0,1084.0,0.002197802
None0,746.0,1086.0,0.001465201
None0,746.0,1087.0,0.000732601
None0,746.0,1089.0,0.000732601
None0,746.0,1093.0,0.000732601
None0,746.0,1094.0,0.002930403
None0,746.0,1098.0,0.011721612
None0,746.0,1109.0,0.000732601
None0,746.0,1111.0,0.000732601
None0,746.0,1124.0,0.000732601
None0,746.0,1130.0,0.000732601
None0,746.0,1132.0,0.001465201
None0,746.0,1135.0,0.000732601
None0,746.0,1137.0,0.002930403
None0,746.0,1139.0,0.006593407
None0,746.0,1143.0,0.002930403
None0,746.0,1144.0,0.005128205
None0,746.0,1160.0,0.004395604
None0,746.0,1162.0,0.002930403
None0,746.0,1163.0,0.000732601
None0,746.0,1165.0,0.002197802
None0,746.0,1166.0,0.000732601
None0,746.0,1169.0,0.000732601
None0,746.0,1176.0,0.002930403
None0,746.0,1177.0,0.001465201
None0,746.0,1182.0,0.000732601
None0,746.0,1185.0,0.000732601
None0,746.0,1186.0,0.001465201
None0,746.0,1191.0,0.001465201
None0,746.0,1193.0,0.000732601
None0,746.0,1194.0,0.000732601
None0,746.0,1198.0,0.000732601
None0,746.0,1199.0,0.000732601
None0,746.0,1200.0,0.000732601
None0,746.0,1201.0,0.001465201
None0,746.0,1202.0,0.000732601
None0,746.0,1204.0,0.000732601
None0,746.0,1205.0,0.000732601
None0,746.0,1207.0,0.000732601
None0,746.0,1211.0,0.000732601
None0,746.0,1213.0,0.001465201
None0,746.0,1216.0,0.002197802
None0,746.0,1219.0,0.000732601
None0,746.0,1221.0,0.000732601
None0,746.0,1223.0,0.000732601
None0,746.0,1225.0,0.000732601
None0,746.0,1233.0,0.001465201
None0,746.0,1237.0,0.001465201
None0,746.0,1242.0,0.001465201
None0,746.0,1243.0,0.001465201
None0,746.0,1245.0,0.001465201
None0,746.0,1251.0,0.002930403
None0,746.0,1252.0,0.002930403
None0,746.0,1257.0,0.000732601
None0,746.0,1258.0,0.000732601
None0,746.0,1261.0,0.000732601
None0,746.0,1270.0,0.000732601
None0,746.0,1273.0,0.000732601
None0,746.0,1274.0,0.005860806
None0,746.0,1276.0,0.000732601
None0,746.0,1279.0,0.000732601
None0,746.0,1283.0,0.002197802
None0,746.0,1287.0,0.000732601
None0,746.0,1292.0,0.001465201
None0,746.0,1293.0,0.000732601
None0,746.0,1296.0,0.000732601
None0,746.0,1302.0,0.000732601
None0,746.0,1305.0,0.000732601
None0,746.0,1309.0,0.001465201
None0,746.0,1314.0,0.002197802
None0,746.0,1325.0,0.000732601
None0,746.0,1327.0,0.000732601
None0,746.0,1335.0,0.000732601
None0,746.0,1340.0,0.002930403
None0,746.0,1341.0,0.000732601
None0,746.0,1344.0,0.000732601
None0,746.0,1348.0,0.000732601
None0,746.0,1349.0,0.003663004
None0,746.0,1353.0,0.002197802
None0,746.0,1357.0,0.000732601
None0,746.0,1358.0,0.000732601
None0,746.0,1364.0,0.000732601
None0,746.0,1365.0,0.005128205
None0,746.0,1366.0,0.001465201
None0,746.0,1373.0,0.001465201
None0,746.0,1375.0,0.000732601
None0,746.0,1378.0,0.000732601
None0,746.0,1379.0,0.000732601
None0,746.0,1383.0,0.001465201
None0,746.0,1384.0,0.000732601
None0,746.0,1386.0,0.001465201
None0,746.0,1387.0,0.000732601
None0,746.0,1392.0,0.000732601
None0,746.0,1397.0,0.000732601
None0,746.0,1402.0,0.000732601
None0,746.0,1408.0,0.000732601
None0,746.0,1416.0,0.000732601
None0,746.0,1420.0,0.001465201
None0,746.0,1423.0,0.000732601
None0,746.0,1427.0,0.000732601
None0,746.0,1429.0,0.001465201
None0,746.0,1434.0,0.002930403
None0,746.0,1435.0,0.000732601
None0,746.0,1436.0,0.000732601
None0,746.0,1437.0,0.000732601
None0,746.0,1439.0,0.000732601
None0,746.0,1442.0,0.000732601
None0,746.0,1445.0,0.000732601
None0,746.0,1450.0,0.000732601
None0,746.0,1454.0,0.000732601
None0,746.0,1455.0,0.001465201
None0,746.0,1458.0,0.000732601
None0,746.0,1459.0,0.000732601
None0,746.0,1462.0,0.004395604
None0,746.0,1468.0,0.000732601
None0,746.0,1478.0,0.000732601
None0,746.0,1482.0,0.000732601
None0,746.0,1483.0,0.001465201
None0,746.0,1486.0,0.005128205
None0,746.0,1487.0,0.000732601
None0,746.0,1488.0,0.000732601
None0,746.0,1489.0,0.000732601
None0,746.0,1492.0,0.000732601
None0,746.0,1497.0,0.002197802
None0,746.0,1498.0,0.002197802
None0,746.0,1503.0,0.002197802
None0,746.0,1512.0,0.000732601
None0,746.0,1514.0,0.002197802
None0,746.0,1519.0,0.002930403
None0,746.0,1520.0,0.001465201
None0,746.0,1536.0,0.000732601
None0,746.0,1538.0,0.000732601
None0,746.0,1542.0,0.001465201
None0,746.0,1545.0,0.000732601
None0,746.0,1550.0,0.000732601
None0,746.0,1553.0,0.001465201
None0,746.0,1554.0,0.006593407
None0,746.0,1559.0,0.001465201
None0,746.0,1561.0,0.000732601
None0,746.0,1563.0,0.000732601
None0,746.0,1566.0,0.000732601
None0,746.0,1571.0,0.002197802
None0,746.0,1572.0,0.002197802
None0,746.0,1574.0,0.000732601
None0,746.0,1575.0,0.001465201
None0,746.0,1576.0,0.000732601
None0,746.0,1581.0,0.001465201
None0,746.0,1588.0,0.000732601
None0,746.0,1597.0,0.002197802
None0,746.0,1599.0,0.003663004
None0,746.0,1600.0,0.002197802
None0,746.0,1604.0,0.021978022
None0,746.0,1605.0,0.000732601
None0,746.0,1611.0,0.002930403
None0,746.0,1615.0,0.000732601
None0,746.0,1617.0,0.000732601
None0,746.0,1621.0,0.000732601
None0,746.0,1627.0,0.001465201
None0,746.0,1628.0,0.000732601
None0,746.0,1637.0,0.000732601
None0,746.0,1640.0,0.001465201
None0,746.0,1644.0,0.000732601
None0,746.0,1651.0,0.002197802
None0,746.0,1660.0,0.000732601
None0,746.0,1663.0,0.013919414
None0,746.0,1666.0,0.000732601
None0,746.0,1669.0,0.000732601
None0,746.0,1676.0,0.000732601
None0,746.0,1685.0,0.005128205
None0,746.0,1691.0,0.015384615
None0,746.0,1692.0,0.000732601
None0,746.0,1694.0,0.000732601
None0,746.0,1698.0,0.001465201
None0,746.0,1702.0,0.004395604
None0,746.0,1704.0,0.001465201
None0,746.0,1708.0,0.002197802
None0,746.0,1710.0,0.01025641
None0,746.0,1716.0,0.000732601
None0,746.0,1729.0,0.001465201
None0,746.0,1731.0,0.000732601
None0,746.0,1732.0,0.000732601
None0,746.0,1737.0,0.000732601
None0,746.0,1740.0,0.000732601
None0,746.0,1746.0,0.001465201
None0,746.0,1749.0,0.002930403
None0,746.0,1751.0,0.000732601
None0,746.0,1755.0,0.001465201
None0,746.0,1756.0,0.000732601
None0,746.0,1762.0,0.002197802
None0,746.0,1764.0,0.000732601
None0,746.0,1766.0,0.002930403
None0,746.0,1769.0,0.001465201
None0,746.0,1775.0,0.002930403
None0,746.0,1787.0,0.000732601
None0,746.0,1790.0,0.000732601
None0,746.0,1799.0,0.000732601
None0,746.0,1800.0,0.001465201
None0,746.0,1801.0,0.001465201
None0,746.0,1802.0,0.000732601
None0,746.0,1805.0,0.001465201
None0,746.0,1814.0,0.001465201
None0,746.0,1816.0,0.000732601
None0,746.0,1817.0,0.002197802
None0,746.0,1818.0,0.002930403
None0,746.0,1822.0,0.003663004
None0,746.0,1823.0,0.000732601
None0,746.0,1825.0,0.001465201
None0,746.0,1827.0,0.000732601
None0,746.0,1829.0,0.000732601
None0,746.0,1830.0,0.000732601
None0,746.0,1835.0,0.000732601
None0,746.0,1842.0,0.001465201
None0,746.0,1844.0,0.000732601
None0,746.0,1846.0,0.000732601
None0,746.0,1847.0,0.001465201
None0,746.0,1851.0,0.002197802
None0,746.0,1858.0,0.000732601
None0,746.0,1871.0,0.000732601
None0,746.0,1874.0,0.000732601
None0,746.0,1879.0,0.000732601
None0,746.0,1881.0,0.000732601
None0,746.0,1884.0,0.000732601
None0,746.0,1888.0,0.000732601
None0,746.0,1890.0,0.001465201
None0,746.0,1892.0,0.000732601
None0,746.0,1895.0,0.000732601
None0,746.0,1897.0,0.000732601
None0,746.0,1899.0,0.002197802
None0,746.0,1901.0,0.002930403
None0,746.0,1904.0,0.000732601
None0,746.0,1905.0,0.000732601
None0,746.0,1906.0,0.000732601
None0,746.0,1908.0,0.000732601
None0,746.0,1919.0,0.000732601
None0,746.0,1924.0,0.000732601
None0,746.0,1926.0,0.000732601
None0,746.0,1939.0,0.000732601
None0,746.0,1943.0,0.000732601
None0,746.0,1944.0,0.001465201
None0,746.0,1947.0,0.000732601
None0,746.0,1948.0,0.000732601
None0,746.0,1950.0,0.000732601
None0,746.0,1955.0,0.000732601
None0,746.0,1957.0,0.000732601
None0,746.0,1959.0,0.002197802
None0,746.0,1961.0,0.000732601
None0,746.0,1964.0,0.006593407
None0,746.0,1966.0,0.001465201
None0,746.0,1967.0,0.001465201
None0,746.0,1968.0,0.002930403
None0,746.0,1970.0,0.000732601
None0,746.0,1973.0,0.000732601
None0,746.0,1977.0,0.005128205
None0,746.0,1989.0,0.000732601
None0,746.0,1991.0,0.001465201
None0,746.0,1998.0,0.000732601
None0,746.0,1999.0,0.002197802
None0,747.0,0.0,0.00056368
None0,747.0,1.0,7.94e-06
None0,747.0,2.0,0.000214357
None0,747.0,3.0,0.002397625
None0,747.0,4.0,0.002008606
None0,747.0,5.0,0.000619254
None0,747.0,6.0,0.000158783
None0,747.0,7.0,0.000119087
None0,747.0,10.0,0.000293749
None0,747.0,11.0,3.18e-05
None0,747.0,12.0,0.003802855
None0,747.0,13.0,0.005867035
None0,747.0,14.0,0.000150844
None0,747.0,15.0,0.000396958
None0,747.0,16.0,0.000357262
None0,747.0,17.0,0.00037314
None0,747.0,19.0,1.59e-05
None0,747.0,21.0,0.000134966
None0,747.0,22.0,1.59e-05
None0,747.0,23.0,7.15e-05
None0,747.0,24.0,0.001167056
None0,747.0,25.0,7.94e-06
None0,747.0,26.0,0.000198479
None0,747.0,27.0,0.005573286
None0,747.0,28.0,0.002262659
None0,747.0,29.0,0.003128027
None0,747.0,30.0,0.002207085
None0,747.0,31.0,0.000706585
None0,747.0,33.0,0.003294749
None0,747.0,34.0,0.000134966
None0,747.0,35.0,0.000603376
None0,747.0,36.0,0.000333444
None0,747.0,37.0,0.006518046
None0,747.0,38.0,0.036535988
None0,747.0,39.0,0.001524318
None0,747.0,40.0,0.002024484
None0,747.0,41.0,0.000809794
None0,747.0,42.0,0.000944759
None0,747.0,43.0,0.000651011
None0,747.0,44.0,0.000722463
None0,747.0,45.0,0.001159117
None0,747.0,46.0,0.001508439
None0,747.0,47.0,0.001111482
None0,747.0,48.0,7.94e-05
None0,747.0,49.0,0.002619921
None0,747.0,50.0,7.94e-05
None0,747.0,51.0,0.001182934
None0,747.0,52.0,0.001381413
None0,747.0,53.0,0.000706585
None0,747.0,54.0,0.001246447
None0,747.0,55.0,0.000182601
None0,747.0,56.0,0.000833611
None0,747.0,57.0,0.000619254
None0,747.0,58.0,0.001857762
None0,747.0,59.0,0.000690706
None0,747.0,60.0,0.0015005
None0,747.0,61.0,0.001381413
None0,747.0,62.0,0.011289477
None0,747.0,63.0,0.004144239
None0,747.0,64.0,0.000539862
None0,747.0,65.0,0.000555741
None0,747.0,66.0,0.001421109
None0,747.0,67.0,0.0013179
None0,747.0,68.0,0.00159577
None0,747.0,69.0,0.005485956
None0,747.0,70.0,7.94e-05
None0,747.0,71.0,3.97e-05
None0,747.0,72.0,0.000246114
None0,747.0,73.0,2.38e-05
None0,747.0,74.0,0.000166722
None0,747.0,75.0,7.94e-05
None0,747.0,76.0,3.18e-05
None0,747.0,77.0,0.000365201
None0,747.0,78.0,1.59e-05
None0,747.0,81.0,7.94e-06
None0,747.0,82.0,0.000809794
None0,747.0,83.0,2.38e-05
None0,747.0,84.0,0.000246114
None0,747.0,85.0,0.000119087
None0,747.0,87.0,7.94e-06
None0,747.0,88.0,0.000333444
None0,747.0,89.0,0.000778037
None0,747.0,91.0,0.001278204
None0,747.0,92.0,7.94e-06
None0,747.0,93.0,8.73e-05
None0,747.0,94.0,0.000484288
None0,747.0,95.0,0.000111148
None0,747.0,96.0,1.59e-05
None0,747.0,97.0,1.59e-05
None0,747.0,98.0,7.94e-06
None0,747.0,100.0,7.94e-06
None0,747.0,101.0,9.53e-05
None0,747.0,102.0,0.003763159
None0,747.0,103.0,3.18e-05
None0,747.0,104.0,0.000293749
None0,747.0,105.0,0.000333444
None0,747.0,106.0,0.001564013
None0,747.0,107.0,0.000516045
None0,747.0,108.0,7.94e-06
None0,747.0,109.0,1.59e-05
None0,747.0,110.0,7.94e-05
None0,747.0,111.0,5.56e-05
None0,747.0,112.0,2.38e-05
None0,747.0,113.0,0.000158783
None0,747.0,114.0,4.76e-05
None0,747.0,115.0,0.000182601
None0,747.0,116.0,4.76e-05
None0,747.0,117.0,0.002604043
None0,747.0,119.0,0.000698646
None0,747.0,120.0,7.15e-05
None0,747.0,121.0,5.56e-05
None0,747.0,122.0,0.000206418
None0,747.0,123.0,0.000396958
None0,747.0,125.0,0.000873307
None0,747.0,126.0,3.97e-05
None0,747.0,127.0,7.94e-06
None0,747.0,128.0,0.013909398
None0,747.0,129.0,3.18e-05
None0,747.0,130.0,0.000222296
None0,747.0,131.0,0.000198479
None0,747.0,132.0,1.59e-05
None0,747.0,133.0,0.000111148
None0,747.0,134.0,4.76e-05
None0,747.0,136.0,5.56e-05
None0,747.0,137.0,0.000158783
None0,747.0,139.0,0.000444593
None0,747.0,140.0,0.000325505
None0,747.0,141.0,0.00028581
None0,747.0,142.0,2.38e-05
None0,747.0,143.0,1.59e-05
None0,747.0,144.0,6.35e-05
None0,747.0,146.0,7.94e-06
None0,747.0,147.0,0.000500167
None0,747.0,148.0,0.000182601
None0,747.0,150.0,1.59e-05
None0,747.0,151.0,2.38e-05
None0,747.0,152.0,6.35e-05
None0,747.0,153.0,0.000396958
None0,747.0,154.0,0.000357262
None0,747.0,155.0,0.000682767
None0,747.0,157.0,0.00019054
None0,747.0,159.0,0.000150844
None0,747.0,160.0,7.94e-06
None0,747.0,161.0,5.56e-05
None0,747.0,162.0,2.38e-05
None0,747.0,163.0,0.000134966
None0,747.0,164.0,0.002230902
None0,747.0,166.0,7.15e-05
None0,747.0,167.0,0.000206418
None0,747.0,168.0,0.000571619
None0,747.0,169.0,0.004366535
None0,747.0,171.0,0.000269931
None0,747.0,172.0,7.15e-05
None0,747.0,174.0,3.18e-05
None0,747.0,175.0,4.76e-05
None0,747.0,176.0,0.00019054
None0,747.0,177.0,0.0043189
None0,747.0,178.0,0.003397958
None0,747.0,179.0,0.002635799
None0,747.0,180.0,0.000746281
None0,747.0,182.0,0.001611648
None0,747.0,184.0,0.000261992
None0,747.0,185.0,0.000261992
None0,747.0,186.0,0.00027787
None0,747.0,187.0,0.002778704
None0,747.0,188.0,3.18e-05
None0,747.0,189.0,0.003937821
None0,747.0,190.0,0.000452532
None0,747.0,191.0,0.001770431
None0,747.0,192.0,0.004398291
None0,747.0,193.0,0.00019054
None0,747.0,194.0,0.001135299
None0,747.0,195.0,0.00844726
None0,747.0,197.0,7.94e-06
None0,747.0,198.0,0.001960971
None0,747.0,199.0,0.002095937
None0,747.0,200.0,0.001706918
None0,747.0,201.0,0.000341384
None0,747.0,202.0,7.94e-06
None0,747.0,203.0,0.00084949
None0,747.0,204.0,0.000150844
None0,747.0,205.0,0.000309627
None0,747.0,210.0,3.97e-05
None0,747.0,213.0,6.35e-05
None0,747.0,214.0,1.59e-05
None0,747.0,217.0,3.18e-05
None0,747.0,222.0,5.56e-05
None0,747.0,227.0,0.000865368
None0,747.0,228.0,0.008161451
None0,747.0,229.0,0.006518046
None0,747.0,230.0,0.00272313
None0,747.0,231.0,0.036694771
None0,747.0,232.0,0.000134966
None0,747.0,233.0,5.56e-05
None0,747.0,234.0,7.94e-06
None0,747.0,235.0,7.94e-06
None0,747.0,236.0,7.15e-05
None0,747.0,237.0,0.004390352
None0,747.0,238.0,0.000682767
None0,747.0,239.0,0.000127026
None0,747.0,241.0,0.000857429
None0,747.0,242.0,0.000111148
None0,747.0,243.0,0.000674828
None0,747.0,244.0,0.000142905
None0,747.0,245.0,0.000150844
None0,747.0,246.0,0.000357262
None0,747.0,247.0,0.002095937
None0,747.0,248.0,0.000905064
None0,747.0,249.0,0.00084155
None0,747.0,250.0,0.004112482
None0,747.0,251.0,0.003882246
None0,747.0,252.0,0.001548135
None0,747.0,253.0,0.000127026
None0,747.0,254.0,0.00206418
None0,747.0,255.0,0.003890186
None0,747.0,256.0,0.000928881
None0,747.0,257.0,0.007581892
None0,747.0,258.0,0.001206751
None0,747.0,259.0,0.003215358
None0,747.0,260.0,0.000182601
None0,747.0,261.0,0.004048969
None0,747.0,262.0,7.94e-05
None0,747.0,263.0,4.76e-05
None0,747.0,264.0,3.18e-05
None0,747.0,265.0,3.18e-05
None0,747.0,266.0,0.009137967
None0,747.0,267.0,0.003318567
None0,747.0,269.0,0.000142905
None0,747.0,270.0,0.002762826
None0,747.0,271.0,0.002032424
None0,747.0,275.0,0.000119087
None0,747.0,276.0,0.001198812
None0,747.0,278.0,8.73e-05
None0,747.0,279.0,2.38e-05
None0,747.0,282.0,0.000127026
None0,747.0,285.0,4.76e-05
None0,747.0,286.0,0.00253259
None0,747.0,287.0,0.00159577
None0,747.0,288.0,0.00075422
None0,747.0,290.0,0.000643072
None0,747.0,291.0,0.001278204
None0,747.0,293.0,7.94e-06
None0,747.0,295.0,7.94e-06
None0,747.0,296.0,7.94e-06
None0,747.0,297.0,9.53e-05
None0,747.0,298.0,4.76e-05
None0,747.0,299.0,1.59e-05
None0,747.0,301.0,0.002373807
None0,747.0,302.0,0.001397291
None0,747.0,303.0,0.000119087
None0,747.0,304.0,0.001524318
None0,747.0,305.0,0.000103209
None0,747.0,306.0,0.001159117
None0,747.0,308.0,7.94e-06
None0,747.0,309.0,0.039918068
None0,747.0,310.0,0.004326839
None0,747.0,311.0,7.94e-06
None0,747.0,312.0,9.53e-05
None0,747.0,313.0,0.001040029
None0,747.0,314.0,0.000674828
None0,747.0,315.0,0.000913003
None0,747.0,317.0,0.000420775
None0,747.0,319.0,0.005152511
None0,747.0,320.0,5.56e-05
None0,747.0,322.0,4.76e-05
None0,747.0,323.0,0.000127026
None0,747.0,324.0,0.000206418
None0,747.0,325.0,0.000690706
None0,747.0,327.0,7.15e-05
None0,747.0,328.0,3.97e-05
None0,747.0,330.0,7.94e-06
None0,747.0,331.0,3.18e-05
None0,747.0,332.0,0.00028581
None0,747.0,333.0,0.000627193
None0,747.0,334.0,1.59e-05
None0,747.0,336.0,7.94e-06
None0,747.0,337.0,2.38e-05
None0,747.0,338.0,0.000111148
None0,747.0,339.0,3.18e-05
None0,747.0,340.0,0.000103209
None0,747.0,341.0,0.000174661
None0,747.0,342.0,3.18e-05
None0,747.0,343.0,1.59e-05
None0,747.0,346.0,0.000166722
None0,747.0,347.0,0.000174661
None0,747.0,348.0,0.000103209
None0,747.0,351.0,2.38e-05
None0,747.0,353.0,3.18e-05
None0,747.0,354.0,1.59e-05
None0,747.0,355.0,7.94e-06
None0,747.0,356.0,0.000365201
None0,747.0,357.0,4.76e-05
None0,747.0,358.0,0.000452532
None0,747.0,359.0,7.94e-05
None0,747.0,360.0,0.000206418
None0,747.0,361.0,2.38e-05
None0,747.0,362.0,0.000254053
None0,747.0,363.0,7.94e-06
None0,747.0,364.0,0.019990791
None0,747.0,365.0,0.001643405
None0,747.0,367.0,0.001333778
None0,747.0,369.0,0.002985122
None0,747.0,370.0,0.001730736
None0,747.0,371.0,0.008217025
None0,747.0,372.0,0.000889185
None0,747.0,373.0,7.94e-05
None0,747.0,376.0,0.000682767
None0,747.0,377.0,0.002604043
None0,747.0,378.0,0.005311294
None0,747.0,379.0,0.007994728
None0,747.0,380.0,0.004239508
None0,747.0,381.0,0.000627193
None0,747.0,382.0,0.002310294
None0,747.0,383.0,0.006391019
None0,747.0,384.0,3.97e-05
None0,747.0,386.0,0.000111148
None0,747.0,387.0,0.020506836
None0,747.0,388.0,8.73e-05
None0,747.0,389.0,0.002524651
None0,747.0,390.0,0.001564013
None0,747.0,391.0,0.004803188
None0,747.0,393.0,9.53e-05
None0,747.0,394.0,0.001897458
None0,747.0,396.0,2.38e-05
None0,747.0,397.0,1.59e-05
None0,747.0,398.0,0.004501501
None0,747.0,399.0,1.59e-05
None0,747.0,401.0,7.94e-06
None0,747.0,402.0,3.97e-05
None0,747.0,403.0,0.000246114
None0,747.0,404.0,2.38e-05
None0,747.0,405.0,7.15e-05
None0,747.0,407.0,2.38e-05
None0,747.0,408.0,4.76e-05
None0,747.0,409.0,0.009526985
None0,747.0,410.0,7.94e-06
None0,747.0,411.0,0.00084949
None0,747.0,412.0,3.18e-05
None0,747.0,413.0,7.94e-06
None0,747.0,415.0,0.001508439
None0,747.0,416.0,3.18e-05
None0,747.0,417.0,0.000738341
None0,747.0,419.0,0.001984789
None0,747.0,420.0,0.001294082
None0,747.0,422.0,7.94e-06
None0,747.0,423.0,3.18e-05
None0,747.0,424.0,0.006819734
None0,747.0,425.0,0.000722463
None0,747.0,426.0,0.001349656
None0,747.0,427.0,0.000587497
None0,747.0,428.0,0.000833611
None0,747.0,429.0,0.003056574
None0,747.0,432.0,0.001349656
None0,747.0,433.0,2.38e-05
None0,747.0,437.0,0.00046841
None0,747.0,439.0,0.002866035
None0,747.0,440.0,3.97e-05
None0,747.0,441.0,5.56e-05
None0,747.0,442.0,0.008185268
None0,747.0,443.0,0.000381079
None0,747.0,444.0,2.38e-05
None0,747.0,445.0,0.005589165
None0,747.0,446.0,0.004303022
None0,747.0,447.0,0.000555741
None0,747.0,448.0,3.18e-05
None0,747.0,450.0,0.001532257
None0,747.0,451.0,8.73e-05
None0,747.0,452.0,0.001008273
None0,747.0,453.0,0.002611982
None0,747.0,454.0,0.001111482
None0,747.0,456.0,2.38e-05
None0,747.0,457.0,0.003199479
None0,747.0,458.0,0.004453866
None0,747.0,459.0,0.000182601
None0,747.0,460.0,0.000150844
None0,747.0,461.0,4.76e-05
None0,747.0,462.0,0.001167056
None0,747.0,463.0,7.94e-06
None0,747.0,464.0,0.000913003
None0,747.0,465.0,0.0058194
None0,747.0,466.0,0.002429381
None0,747.0,467.0,0.004874641
None0,747.0,468.0,0.00244526
None0,747.0,469.0,0.000150844
None0,747.0,470.0,7.94e-06
None0,747.0,472.0,0.001325839
None0,747.0,473.0,0.001365535
None0,747.0,474.0,3.97e-05
None0,747.0,475.0,7.94e-06
None0,747.0,476.0,1.59e-05
None0,747.0,477.0,7.94e-06
None0,747.0,478.0,0.003937821
None0,747.0,479.0,9.53e-05
None0,747.0,480.0,0.00084949
None0,747.0,481.0,0.000674828
None0,747.0,482.0,0.000365201
None0,747.0,483.0,0.004310961
None0,747.0,484.0,0.005843218
None0,747.0,486.0,7.15e-05
None0,747.0,487.0,7.94e-06
None0,747.0,488.0,0.000738341
None0,747.0,489.0,0.002008606
None0,747.0,490.0,0.00075422
None0,747.0,491.0,7.94e-06
None0,747.0,493.0,7.94e-06
None0,747.0,494.0,0.00037314
None0,747.0,495.0,0.00225472
None0,747.0,496.0,0.002484955
None0,747.0,497.0,7.94e-06
None0,747.0,499.0,0.000222296
None0,747.0,501.0,0.003120088
None0,747.0,502.0,2.38e-05
None0,747.0,503.0,7.94e-06
None0,747.0,504.0,0.003001
None0,747.0,505.0,0.002389685
None0,747.0,506.0,0.001675162
None0,747.0,509.0,0.000793915
None0,747.0,510.0,0.000166722
None0,747.0,511.0,0.000111148
None0,747.0,512.0,8.73e-05
None0,747.0,513.0,0.001024151
None0,747.0,515.0,0.024801918
None0,747.0,516.0,0.000389019
None0,747.0,517.0,0.002175328
None0,747.0,519.0,0.000222296
None0,747.0,520.0,0.001698979
None0,747.0,523.0,0.002643738
None0,747.0,524.0,0.000365201
None0,747.0,526.0,0.001683101
None0,747.0,528.0,0.002095937
None0,747.0,529.0,2.38e-05
None0,747.0,530.0,0.000119087
None0,747.0,531.0,0.001889519
None0,747.0,532.0,4.76e-05
None0,747.0,533.0,0.005549469
None0,747.0,535.0,7.94e-06
None0,747.0,538.0,0.000127026
None0,747.0,539.0,6.35e-05
None0,747.0,543.0,1.59e-05
None0,747.0,544.0,7.94e-06
None0,747.0,545.0,0.005517712
None0,747.0,546.0,0.008248781
None0,747.0,551.0,7.15e-05
None0,747.0,552.0,0.000603376
None0,747.0,553.0,0.004199813
None0,747.0,554.0,0.004922276
None0,747.0,555.0,0.001429048
None0,747.0,556.0,1.59e-05
None0,747.0,557.0,0.002866035
None0,747.0,558.0,7.94e-06
None0,747.0,559.0,2.38e-05
None0,747.0,561.0,0.000150844
None0,747.0,564.0,0.001730736
None0,747.0,565.0,7.15e-05
None0,747.0,566.0,0.000476349
None0,747.0,567.0,0.002048302
None0,747.0,568.0,0.000309627
None0,747.0,569.0,1.59e-05
None0,747.0,570.0,0.000111148
None0,747.0,571.0,0.000111148
None0,747.0,572.0,0.001143238
None0,747.0,573.0,1.59e-05
None0,747.0,574.0,0.000381079
None0,747.0,575.0,0.000261992
None0,747.0,576.0,0.001119421
None0,747.0,577.0,0.000357262
None0,747.0,578.0,0.000246114
None0,747.0,579.0,2.38e-05
None0,747.0,580.0,0.000905064
None0,747.0,581.0,0.000508106
None0,747.0,582.0,0.001810127
None0,747.0,583.0,0.000381079
None0,747.0,584.0,3.18e-05
None0,747.0,587.0,0.001008273
None0,747.0,588.0,6.35e-05
None0,747.0,589.0,0.00093682
None0,747.0,590.0,0.000420775
None0,747.0,591.0,6.35e-05
None0,747.0,592.0,3.97e-05
None0,747.0,593.0,7.15e-05
None0,747.0,594.0,0.000119087
None0,747.0,595.0,0.000357262
None0,747.0,596.0,0.000103209
None0,747.0,597.0,9.53e-05
None0,747.0,598.0,6.35e-05
None0,747.0,599.0,0.000134966
None0,747.0,600.0,0.000523984
None0,747.0,601.0,0.000103209
None0,747.0,602.0,0.000206418
None0,747.0,603.0,9.53e-05
None0,747.0,604.0,0.000857429
None0,747.0,605.0,7.94e-06
None0,747.0,606.0,0.003715524
None0,747.0,607.0,9.53e-05
None0,747.0,608.0,8.73e-05
None0,747.0,609.0,0.001540196
None0,747.0,610.0,4.76e-05
None0,747.0,611.0,0.000381079
None0,747.0,612.0,0.00037314
None0,747.0,613.0,0.000952699
None0,747.0,614.0,0.000150844
None0,747.0,615.0,0.000261992
None0,747.0,616.0,0.001135299
None0,747.0,617.0,6.35e-05
None0,747.0,618.0,3.18e-05
None0,747.0,619.0,0.000142905
None0,747.0,620.0,0.000293749
None0,747.0,621.0,0.000142905
None0,747.0,622.0,0.000261992
None0,747.0,623.0,0.000349323
None0,747.0,624.0,7.94e-05
None0,747.0,625.0,7.15e-05
None0,747.0,626.0,1.59e-05
None0,747.0,627.0,8.73e-05
None0,747.0,628.0,0.000103209
None0,747.0,629.0,0.000516045
None0,747.0,630.0,0.000484288
None0,747.0,631.0,0.00056368
None0,747.0,632.0,0.000246114
None0,747.0,633.0,6.35e-05
None0,747.0,634.0,7.15e-05
None0,747.0,635.0,0.000476349
None0,747.0,636.0,4.76e-05
None0,747.0,637.0,0.001468744
None0,747.0,638.0,0.00075422
None0,747.0,639.0,0.002024484
None0,747.0,640.0,0.000571619
None0,747.0,641.0,0.000150844
None0,747.0,642.0,1.59e-05
None0,747.0,643.0,7.94e-06
None0,747.0,644.0,0.000111148
None0,747.0,645.0,0.001484622
None0,747.0,646.0,9.53e-05
None0,747.0,647.0,0.000127026
None0,747.0,648.0,0.000134966
None0,747.0,649.0,9.53e-05
None0,747.0,650.0,2.38e-05
None0,747.0,651.0,0.000333444
None0,747.0,652.0,8.73e-05
None0,747.0,653.0,1.59e-05
None0,747.0,654.0,0.000198479
None0,747.0,655.0,0.000651011
None0,747.0,656.0,1.59e-05
None0,747.0,657.0,0.000254053
None0,747.0,659.0,0.00600994
None0,747.0,660.0,3.18e-05
None0,747.0,661.0,2.38e-05
None0,747.0,662.0,9.53e-05
None0,747.0,663.0,0.000103209
None0,747.0,664.0,0.000174661
None0,747.0,665.0,0.001103542
None0,747.0,666.0,7.15e-05
None0,747.0,667.0,0.000492228
None0,747.0,668.0,3.18e-05
None0,747.0,669.0,0.000349323
None0,747.0,670.0,0.000254053
None0,747.0,671.0,0.000349323
None0,747.0,672.0,9.53e-05
None0,747.0,673.0,0.001000333
None0,747.0,674.0,7.94e-06
None0,747.0,675.0,0.000230235
None0,747.0,676.0,0.002056241
None0,747.0,677.0,7.15e-05
None0,747.0,678.0,8.73e-05
None0,747.0,679.0,1.59e-05
None0,747.0,680.0,0.000261992
None0,747.0,681.0,0.000714524
None0,747.0,683.0,0.00084155
None0,747.0,684.0,7.94e-06
None0,747.0,685.0,3.18e-05
None0,747.0,686.0,3.18e-05
None0,747.0,687.0,5.56e-05
None0,747.0,688.0,6.35e-05
None0,747.0,689.0,9.53e-05
None0,747.0,690.0,4.76e-05
None0,747.0,691.0,0.001095603
None0,747.0,692.0,6.35e-05
None0,747.0,693.0,5.56e-05
None0,747.0,694.0,0.000261992
None0,747.0,695.0,0.000643072
None0,747.0,696.0,0.000404897
None0,747.0,697.0,9.53e-05
None0,747.0,698.0,8.73e-05
None0,747.0,699.0,1.59e-05
None0,747.0,700.0,0.000523984
None0,747.0,702.0,0.000261992
None0,747.0,703.0,3.18e-05
None0,747.0,704.0,0.002858096
None0,747.0,705.0,3.97e-05
None0,747.0,706.0,0.000134966
None0,747.0,707.0,0.000127026
None0,747.0,708.0,3.97e-05
None0,747.0,710.0,0.000579558
None0,747.0,711.0,4.76e-05
None0,747.0,712.0,0.000389019
None0,747.0,713.0,8.73e-05
None0,747.0,714.0,0.000627193
None0,747.0,715.0,0.000150844
None0,747.0,717.0,0.001198812
None0,747.0,718.0,0.001389352
None0,747.0,719.0,9.53e-05
None0,747.0,720.0,3.97e-05
None0,747.0,721.0,0.00019054
None0,747.0,722.0,0.000127026
None0,747.0,723.0,1.59e-05
None0,747.0,724.0,0.000365201
None0,747.0,725.0,0.000230235
None0,747.0,726.0,0.000603376
None0,747.0,727.0,0.000103209
None0,747.0,728.0,0.000619254
None0,747.0,729.0,3.97e-05
None0,747.0,730.0,2.38e-05
None0,747.0,731.0,4.76e-05
None0,747.0,732.0,0.000690706
None0,747.0,733.0,2.38e-05
None0,747.0,734.0,0.000412836
None0,747.0,735.0,0.00019054
None0,747.0,736.0,8.73e-05
None0,747.0,737.0,0.000127026
None0,747.0,738.0,0.000635132
None0,747.0,739.0,0.000778037
None0,747.0,740.0,0.000214357
None0,747.0,741.0,0.000182601
None0,747.0,742.0,0.000150844
None0,747.0,743.0,0.000206418
None0,747.0,744.0,0.00019054
None0,747.0,745.0,4.76e-05
None0,747.0,746.0,1.59e-05
None0,747.0,748.0,0.000111148
None0,747.0,750.0,4.76e-05
None0,747.0,751.0,0.001627527
None0,747.0,752.0,5.56e-05
None0,747.0,753.0,0.00065895
None0,747.0,754.0,0.000531923
None0,747.0,756.0,7.94e-06
None0,747.0,758.0,7.94e-06
None0,747.0,759.0,7.94e-06
None0,747.0,761.0,0.00178631
None0,747.0,762.0,0.001230569
None0,747.0,763.0,0.001206751
None0,747.0,764.0,0.00028581
None0,747.0,765.0,0.000690706
None0,747.0,766.0,0.000611315
None0,747.0,767.0,0.000381079
None0,747.0,768.0,0.003262992
None0,747.0,769.0,0.00084155
None0,747.0,770.0,0.000317566
None0,747.0,771.0,0.000325505
None0,747.0,772.0,4.76e-05
None0,747.0,773.0,6.35e-05
None0,747.0,774.0,0.000460471
None0,747.0,775.0,0.000238175
None0,747.0,776.0,7.15e-05
None0,747.0,777.0,0.001460804
None0,747.0,778.0,3.18e-05
None0,747.0,779.0,0.000134966
None0,747.0,780.0,0.000897124
None0,747.0,781.0,9.53e-05
None0,747.0,782.0,8.73e-05
None0,747.0,783.0,0.000261992
None0,747.0,784.0,0.000389019
None0,747.0,785.0,0.000555741
None0,747.0,786.0,7.15e-05
None0,747.0,787.0,0.000166722
None0,747.0,788.0,0.001381413
None0,747.0,789.0,0.000127026
None0,747.0,790.0,0.001564013
None0,747.0,791.0,0.000142905
None0,747.0,792.0,0.00253259
None0,747.0,793.0,0.000230235
None0,747.0,794.0,0.000254053
None0,747.0,795.0,0.000531923
None0,747.0,796.0,7.15e-05
None0,747.0,797.0,0.000111148
None0,747.0,798.0,0.000476349
None0,747.0,799.0,7.15e-05
None0,747.0,800.0,0.001024151
None0,747.0,801.0,0.00028581
None0,747.0,802.0,0.000166722
None0,747.0,803.0,2.38e-05
None0,747.0,804.0,0.00065895
None0,747.0,805.0,0.000389019
None0,747.0,806.0,0.00027787
None0,747.0,807.0,0.001659283
None0,747.0,808.0,0.000150844
None0,747.0,809.0,0.000158783
None0,747.0,810.0,0.000198479
None0,747.0,811.0,4.76e-05
None0,747.0,812.0,0.00028581
None0,747.0,814.0,0.000182601
None0,747.0,815.0,3.97e-05
None0,747.0,816.0,0.0028184
None0,747.0,817.0,0.001413169
None0,747.0,818.0,0.000325505
None0,747.0,819.0,3.97e-05
None0,747.0,820.0,0.000111148
None0,747.0,822.0,0.00019054
None0,747.0,823.0,0.000420775
None0,747.0,824.0,9.53e-05
None0,747.0,825.0,0.001270265
None0,747.0,826.0,0.000261992
None0,747.0,827.0,0.000873307
None0,747.0,828.0,1.59e-05
None0,747.0,829.0,3.97e-05
None0,747.0,830.0,0.001508439
None0,747.0,831.0,2.38e-05
None0,747.0,832.0,0.000238175
None0,747.0,834.0,3.18e-05
None0,747.0,835.0,0.001770431
None0,747.0,836.0,0.000309627
None0,747.0,837.0,4.76e-05
None0,747.0,838.0,6.35e-05
None0,747.0,839.0,0.001826005
None0,747.0,840.0,6.35e-05
None0,747.0,841.0,0.000198479
None0,747.0,842.0,7.94e-06
None0,747.0,843.0,0.000452532
None0,747.0,844.0,6.35e-05
None0,747.0,845.0,0.000333444
None0,747.0,846.0,1.59e-05
None0,747.0,847.0,0.000913003
None0,747.0,848.0,0.003588498
None0,747.0,849.0,2.38e-05
None0,747.0,850.0,0.000555741
None0,747.0,851.0,0.000142905
None0,747.0,852.0,0.000309627
None0,747.0,853.0,0.000111148
None0,747.0,854.0,0.000166722
None0,747.0,855.0,0.00019054
None0,747.0,856.0,3.97e-05
None0,747.0,857.0,0.00178631
None0,747.0,858.0,7.94e-05
None0,747.0,859.0,0.000111148
None0,747.0,860.0,0.000746281
None0,747.0,861.0,0.001230569
None0,747.0,862.0,0.007732736
None0,747.0,863.0,0.0013179
None0,747.0,864.0,0.000103209
None0,747.0,865.0,0.001190873
None0,747.0,866.0,7.94e-06
None0,747.0,867.0,0.000952699
None0,747.0,868.0,0.001302021
None0,747.0,869.0,3.97e-05
None0,747.0,870.0,0.000381079
None0,747.0,872.0,7.94e-06
None0,747.0,873.0,3.18e-05
None0,747.0,874.0,0.000206418
None0,747.0,875.0,7.94e-06
None0,747.0,876.0,0.000666889
None0,747.0,877.0,0.001564013
None0,747.0,878.0,0.002342051
None0,747.0,879.0,0.000111148
None0,747.0,880.0,0.000119087
None0,747.0,881.0,7.94e-06
None0,747.0,882.0,0.000309627
None0,747.0,883.0,0.001389352
None0,747.0,884.0,0.000111148
None0,747.0,885.0,0.000881246
None0,747.0,886.0,0.00037314
None0,747.0,887.0,0.000531923
None0,747.0,888.0,0.000770098
None0,747.0,889.0,7.94e-05
None0,747.0,890.0,8.73e-05
None0,747.0,891.0,6.35e-05
None0,747.0,892.0,0.00084155
None0,747.0,893.0,0.000111148
None0,747.0,894.0,0.000333444
None0,747.0,895.0,0.000309627
None0,747.0,896.0,2.38e-05
None0,747.0,897.0,0.000158783
None0,747.0,898.0,0.000500167
None0,747.0,900.0,0.000627193
None0,747.0,901.0,7.94e-06
None0,747.0,902.0,8.73e-05
None0,747.0,903.0,2.38e-05
None0,747.0,904.0,4.76e-05
None0,747.0,905.0,0.00019054
None0,747.0,906.0,0.000127026
None0,747.0,907.0,0.000134966
None0,747.0,908.0,0.001413169
None0,747.0,909.0,0.000134966
None0,747.0,910.0,3.18e-05
None0,747.0,911.0,0.000150844
None0,747.0,912.0,4.76e-05
None0,747.0,913.0,0.000119087
None0,747.0,914.0,0.001167056
None0,747.0,915.0,3.18e-05
None0,747.0,916.0,0.000603376
None0,747.0,917.0,0.000428714
None0,747.0,918.0,0.004136299
None0,747.0,919.0,0.000150844
None0,747.0,920.0,4.76e-05
None0,747.0,921.0,4.76e-05
None0,747.0,922.0,0.000198479
None0,747.0,923.0,9.53e-05
None0,747.0,924.0,6.35e-05
None0,747.0,925.0,3.18e-05
None0,747.0,926.0,1.59e-05
None0,747.0,927.0,3.18e-05
None0,747.0,928.0,0.000142905
None0,747.0,929.0,0.000349323
None0,747.0,930.0,2.38e-05
None0,747.0,931.0,7.94e-06
None0,747.0,932.0,0.000198479
None0,747.0,933.0,0.000198479
None0,747.0,934.0,4.76e-05
None0,747.0,935.0,0.000238175
None0,747.0,936.0,4.76e-05
None0,747.0,937.0,0.000127026
None0,747.0,938.0,0.000103209
None0,747.0,939.0,2.38e-05
None0,747.0,940.0,0.001984789
None0,747.0,941.0,0.000198479
None0,747.0,943.0,0.001071786
None0,747.0,944.0,0.000206418
None0,747.0,945.0,7.94e-05
None0,747.0,946.0,0.000142905
None0,747.0,947.0,3.97e-05
None0,747.0,948.0,0.002524651
None0,747.0,949.0,0.000127026
None0,747.0,950.0,4.76e-05
None0,747.0,951.0,3.97e-05
None0,747.0,952.0,0.001333778
None0,747.0,953.0,0.002270598
None0,747.0,954.0,0.009122088
None0,747.0,955.0,0.000651011
None0,747.0,956.0,4.76e-05
None0,747.0,957.0,0.000333444
None0,747.0,958.0,0.000452532
None0,747.0,959.0,4.76e-05
None0,747.0,960.0,0.000357262
None0,747.0,961.0,6.35e-05
None0,747.0,963.0,0.000381079
None0,747.0,964.0,0.001421109
None0,747.0,965.0,7.94e-06
None0,747.0,966.0,0.00056368
None0,747.0,968.0,1.59e-05
None0,747.0,969.0,8.73e-05
None0,747.0,970.0,0.000174661
None0,747.0,971.0,0.000516045
None0,747.0,972.0,0.000873307
None0,747.0,973.0,7.94e-06
None0,747.0,974.0,7.94e-06
None0,747.0,975.0,0.000103209
None0,747.0,976.0,0.000817733
None0,747.0,977.0,0.000412836
None0,747.0,978.0,0.001294082
None0,747.0,979.0,0.000333444
None0,747.0,980.0,0.000150844
None0,747.0,981.0,1.59e-05
None0,747.0,982.0,6.35e-05
None0,747.0,983.0,0.000206418
None0,747.0,984.0,0.000357262
None0,747.0,985.0,3.97e-05
None0,747.0,986.0,0.000230235
None0,747.0,987.0,0.000111148
None0,747.0,988.0,7.94e-05
None0,747.0,989.0,0.001548135
None0,747.0,990.0,0.009328506
None0,747.0,991.0,0.000412836
None0,747.0,992.0,0.000238175
None0,747.0,993.0,0.000436653
None0,747.0,994.0,0.000127026
None0,747.0,995.0,0.000246114
None0,747.0,996.0,1.59e-05
None0,747.0,997.0,0.000166722
None0,747.0,998.0,3.97e-05
None0,747.0,999.0,0.001706918
None0,747.0,1000.0,0.000309627
None0,747.0,1001.0,0.000206418
None0,747.0,1002.0,8.73e-05
None0,747.0,1003.0,0.000833611
None0,747.0,1004.0,0.000111148
None0,747.0,1005.0,3.18e-05
None0,747.0,1006.0,0.00037314
None0,747.0,1007.0,0.001849823
None0,747.0,1008.0,7.94e-06
None0,747.0,1009.0,0.000690706
None0,747.0,1010.0,0.000214357
None0,747.0,1011.0,7.94e-06
None0,747.0,1012.0,0.000150844
None0,747.0,1013.0,0.000134966
None0,747.0,1014.0,5.56e-05
None0,747.0,1015.0,0.010836946
None0,747.0,1016.0,0.000142905
None0,747.0,1017.0,0.000555741
None0,747.0,1018.0,0.002397625
None0,747.0,1019.0,6.35e-05
None0,747.0,1020.0,0.000349323
None0,747.0,1021.0,7.15e-05
None0,747.0,1022.0,7.94e-06
None0,747.0,1023.0,9.53e-05
None0,747.0,1024.0,0.000119087
None0,747.0,1025.0,0.003453532
None0,747.0,1026.0,0.000254053
None0,747.0,1027.0,0.002238842
None0,747.0,1029.0,0.000166722
None0,747.0,1030.0,0.000396958
None0,747.0,1031.0,7.94e-05
None0,747.0,1032.0,0.000420775
None0,747.0,1033.0,0.000111148
None0,747.0,1034.0,4.76e-05
None0,747.0,1035.0,1.59e-05
None0,747.0,1036.0,7.94e-06
None0,747.0,1038.0,7.94e-06
None0,747.0,1039.0,2.38e-05
None0,747.0,1041.0,0.000396958
None0,747.0,1042.0,0.000166722
None0,747.0,1043.0,0.010400292
None0,747.0,1044.0,8.73e-05
None0,747.0,1045.0,3.18e-05
None0,747.0,1046.0,0.000325505
None0,747.0,1047.0,8.73e-05
None0,747.0,1048.0,0.000111148
None0,747.0,1049.0,0.000103209
None0,747.0,1050.0,0.000698646
None0,747.0,1051.0,0.000301688
None0,747.0,1052.0,0.00497785
None0,747.0,1053.0,0.002294416
None0,747.0,1054.0,0.000714524
None0,747.0,1055.0,4.76e-05
None0,747.0,1056.0,0.000134966
None0,747.0,1057.0,7.94e-06
None0,747.0,1058.0,0.000349323
None0,747.0,1059.0,0.000793915
None0,747.0,1060.0,0.000365201
None0,747.0,1061.0,4.76e-05
None0,747.0,1062.0,3.97e-05
None0,747.0,1063.0,3.18e-05
None0,747.0,1064.0,0.000119087
None0,747.0,1065.0,3.18e-05
None0,747.0,1066.0,0.004239508
None0,747.0,1067.0,2.38e-05
None0,747.0,1068.0,0.000833611
None0,747.0,1069.0,6.35e-05
None0,747.0,1070.0,0.000174661
None0,747.0,1071.0,0.000103209
None0,747.0,1072.0,0.008089998
None0,747.0,1073.0,7.94e-05
None0,747.0,1074.0,0.00028581
None0,747.0,1075.0,5.56e-05
None0,747.0,1076.0,3.18e-05
None0,747.0,1077.0,0.000150844
None0,747.0,1078.0,0.001246447
None0,747.0,1079.0,0.000627193
None0,747.0,1080.0,3.97e-05
None0,747.0,1081.0,0.000293749
None0,747.0,1082.0,0.000198479
None0,747.0,1083.0,0.000238175
None0,747.0,1084.0,0.002397625
None0,747.0,1085.0,0.000801855
None0,747.0,1086.0,0.00028581
None0,747.0,1087.0,0.000269931
None0,747.0,1088.0,0.000500167
None0,747.0,1089.0,0.000198479
None0,747.0,1090.0,0.000992394
None0,747.0,1092.0,0.000127026
None0,747.0,1093.0,0.000325505
None0,747.0,1094.0,0.000484288
None0,747.0,1095.0,0.000111148
None0,747.0,1096.0,0.000222296
None0,747.0,1097.0,8.73e-05
None0,747.0,1098.0,0.000420775
None0,747.0,1099.0,0.000349323
None0,747.0,1100.0,0.000214357
None0,747.0,1101.0,0.000309627
None0,747.0,1102.0,7.15e-05
None0,747.0,1103.0,1.59e-05
None0,747.0,1104.0,0.000873307
None0,747.0,1105.0,3.18e-05
None0,747.0,1106.0,0.00037314
None0,747.0,1107.0,7.94e-06
None0,747.0,1108.0,4.76e-05
None0,747.0,1109.0,0.000174661
None0,747.0,1110.0,0.000460471
None0,747.0,1111.0,4.76e-05
None0,747.0,1112.0,7.94e-06
None0,747.0,1113.0,0.000150844
None0,747.0,1114.0,0.000579558
None0,747.0,1115.0,5.56e-05
None0,747.0,1116.0,0.00206418
None0,747.0,1117.0,0.000770098
None0,747.0,1118.0,0.000111148
None0,747.0,1119.0,5.56e-05
None0,747.0,1120.0,0.000301688
None0,747.0,1121.0,0.000111148
None0,747.0,1122.0,7.94e-06
None0,747.0,1123.0,0.000492228
None0,747.0,1124.0,0.007780371
None0,747.0,1125.0,0.001976849
None0,747.0,1126.0,3.18e-05
None0,747.0,1127.0,0.000103209
None0,747.0,1128.0,0.000127026
None0,747.0,1129.0,3.18e-05
None0,747.0,1130.0,0.000127026
None0,747.0,1131.0,3.97e-05
None0,747.0,1132.0,0.000547802
None0,747.0,1133.0,2.38e-05
None0,747.0,1134.0,5.56e-05
None0,747.0,1135.0,0.000428714
None0,747.0,1136.0,0.000309627
None0,747.0,1137.0,0.000730402
None0,747.0,1138.0,6.35e-05
None0,747.0,1139.0,6.35e-05
None0,747.0,1140.0,0.001246447
None0,747.0,1141.0,0.000198479
None0,747.0,1142.0,1.59e-05
None0,747.0,1143.0,0.000587497
None0,747.0,1144.0,0.002985122
None0,747.0,1145.0,2.38e-05
None0,747.0,1146.0,0.000134966
None0,747.0,1147.0,3.97e-05
None0,747.0,1149.0,2.38e-05
None0,747.0,1150.0,1.59e-05
None0,747.0,1151.0,0.000127026
None0,747.0,1152.0,0.000127026
None0,747.0,1153.0,7.94e-06
None0,747.0,1154.0,4.76e-05
None0,747.0,1155.0,0.000174661
None0,747.0,1157.0,0.000127026
None0,747.0,1158.0,0.000587497
None0,747.0,1159.0,3.18e-05
None0,747.0,1160.0,0.001905397
None0,747.0,1161.0,8.73e-05
None0,747.0,1162.0,0.002881913
None0,747.0,1163.0,0.00056368
None0,747.0,1164.0,0.000222296
None0,747.0,1165.0,0.00028581
None0,747.0,1166.0,0.001619587
None0,747.0,1167.0,7.15e-05
None0,747.0,1168.0,4.76e-05
None0,747.0,1169.0,0.000182601
None0,747.0,1170.0,0.001040029
None0,747.0,1171.0,0.000476349
None0,747.0,1172.0,0.001198812
None0,747.0,1173.0,5.56e-05
None0,747.0,1175.0,7.94e-05
None0,747.0,1176.0,0.000111148
None0,747.0,1177.0,0.004858762
None0,747.0,1178.0,7.94e-06
None0,747.0,1179.0,4.76e-05
None0,747.0,1180.0,0.000666889
None0,747.0,1181.0,0.000436653
None0,747.0,1182.0,0.000349323
None0,747.0,1183.0,4.76e-05
None0,747.0,1185.0,3.18e-05
None0,747.0,1186.0,0.000682767
None0,747.0,1187.0,0.000174661
None0,747.0,1188.0,3.97e-05
None0,747.0,1189.0,5.56e-05
None0,747.0,1190.0,7.94e-06
None0,747.0,1191.0,0.000111148
None0,747.0,1193.0,0.000111148
None0,747.0,1194.0,5.56e-05
None0,747.0,1195.0,7.94e-05
None0,747.0,1196.0,0.000944759
None0,747.0,1197.0,1.59e-05
None0,747.0,1198.0,0.000111148
None0,747.0,1199.0,7.94e-06
None0,747.0,1200.0,0.000293749
None0,747.0,1201.0,9.53e-05
None0,747.0,1202.0,0.000127026
None0,747.0,1203.0,6.35e-05
None0,747.0,1204.0,0.000246114
None0,747.0,1205.0,0.006184601
None0,747.0,1207.0,8.73e-05
None0,747.0,1208.0,0.000293749
None0,747.0,1209.0,0.000420775
None0,747.0,1211.0,7.15e-05
None0,747.0,1212.0,4.76e-05
None0,747.0,1213.0,0.002778704
None0,747.0,1214.0,0.000516045
None0,747.0,1215.0,0.000309627
None0,747.0,1216.0,0.000420775
None0,747.0,1217.0,0.000142905
None0,747.0,1218.0,7.15e-05
None0,747.0,1219.0,7.94e-05
None0,747.0,1220.0,0.000301688
None0,747.0,1221.0,0.000698646
None0,747.0,1222.0,7.94e-06
None0,747.0,1223.0,0.000103209
None0,747.0,1224.0,9.53e-05
None0,747.0,1225.0,8.73e-05
None0,747.0,1226.0,0.000150844
None0,747.0,1227.0,0.000103209
None0,747.0,1228.0,0.001730736
None0,747.0,1229.0,5.56e-05
None0,747.0,1230.0,7.15e-05
None0,747.0,1231.0,0.000142905
None0,747.0,1232.0,0.000111148
None0,747.0,1233.0,0.000952699
None0,747.0,1234.0,6.35e-05
None0,747.0,1235.0,0.000182601
None0,747.0,1237.0,0.001429048
None0,747.0,1238.0,0.00027787
None0,747.0,1239.0,0.000706585
None0,747.0,1241.0,0.012004001
None0,747.0,1242.0,0.00215945
None0,747.0,1243.0,0.001008273
None0,747.0,1244.0,0.000103209
None0,747.0,1245.0,7.94e-06
None0,747.0,1246.0,0.000349323
None0,747.0,1247.0,0.00140523
None0,747.0,1248.0,0.001206751
None0,747.0,1249.0,6.35e-05
None0,747.0,1250.0,3.18e-05
None0,747.0,1251.0,0.000476349
None0,747.0,1252.0,0.002127693
None0,747.0,1253.0,0.000341384
None0,747.0,1255.0,7.94e-06
None0,747.0,1256.0,4.76e-05
None0,747.0,1257.0,0.000444593
None0,747.0,1258.0,0.000420775
None0,747.0,1259.0,0.000134966
None0,747.0,1260.0,0.000103209
None0,747.0,1261.0,4.76e-05
None0,747.0,1262.0,0.000309627
None0,747.0,1263.0,7.94e-06
None0,747.0,1264.0,1.59e-05
None0,747.0,1265.0,0.000428714
None0,747.0,1266.0,0.000174661
None0,747.0,1267.0,0.000230235
None0,747.0,1268.0,0.000150844
None0,747.0,1269.0,3.18e-05
None0,747.0,1270.0,0.000587497
None0,747.0,1271.0,6.35e-05
None0,747.0,1272.0,3.97e-05
None0,747.0,1273.0,0.000134966
None0,747.0,1274.0,0.00986043
None0,747.0,1275.0,0.000230235
None0,747.0,1276.0,7.94e-05
None0,747.0,1277.0,2.38e-05
None0,747.0,1278.0,0.00019054
None0,747.0,1279.0,0.001206751
None0,747.0,1280.0,0.000857429
None0,747.0,1281.0,1.59e-05
None0,747.0,1282.0,0.000349323
None0,747.0,1283.0,0.000158783
None0,747.0,1284.0,0.00019054
None0,747.0,1285.0,7.15e-05
None0,747.0,1286.0,0.000428714
None0,747.0,1287.0,0.000635132
None0,747.0,1288.0,2.38e-05
None0,747.0,1289.0,3.18e-05
None0,747.0,1290.0,0.000651011
None0,747.0,1291.0,0.000261992
None0,747.0,1292.0,0.000293749
None0,747.0,1293.0,8.73e-05
None0,747.0,1294.0,1.59e-05
None0,747.0,1295.0,1.59e-05
None0,747.0,1296.0,0.000119087
None0,747.0,1297.0,4.76e-05
None0,747.0,1298.0,7.94e-06
None0,747.0,1299.0,0.000103209
None0,747.0,1300.0,2.38e-05
None0,747.0,1301.0,5.56e-05
None0,747.0,1302.0,0.00027787
None0,747.0,1304.0,3.18e-05
None0,747.0,1305.0,0.000206418
None0,747.0,1306.0,7.94e-05
None0,747.0,1309.0,0.000174661
None0,747.0,1310.0,6.35e-05
None0,747.0,1312.0,0.000357262
None0,747.0,1313.0,0.00093682
None0,747.0,1314.0,3.18e-05
None0,747.0,1315.0,1.59e-05
None0,747.0,1316.0,0.000404897
None0,747.0,1317.0,5.56e-05
None0,747.0,1318.0,0.000770098
None0,747.0,1319.0,7.94e-06
None0,747.0,1320.0,0.000174661
None0,747.0,1321.0,3.97e-05
None0,747.0,1323.0,0.000746281
None0,747.0,1324.0,0.000214357
None0,747.0,1325.0,3.97e-05
None0,747.0,1326.0,2.38e-05
None0,747.0,1327.0,3.18e-05
None0,747.0,1328.0,4.76e-05
None0,747.0,1329.0,0.00019054
None0,747.0,1330.0,0.000222296
None0,747.0,1331.0,0.000158783
None0,747.0,1332.0,0.001063847
None0,747.0,1333.0,0.000127026
None0,747.0,1334.0,0.000111148
None0,747.0,1335.0,0.001548135
None0,747.0,1336.0,3.18e-05
None0,747.0,1337.0,3.18e-05
None0,747.0,1338.0,0.00037314
None0,747.0,1339.0,7.94e-06
None0,747.0,1340.0,0.00037314
None0,747.0,1341.0,0.002484955
None0,747.0,1342.0,0.00037314
None0,747.0,1344.0,0.000254053
None0,747.0,1345.0,5.56e-05
None0,747.0,1346.0,5.56e-05
None0,747.0,1347.0,7.15e-05
None0,747.0,1348.0,0.000317566
None0,747.0,1349.0,0.000420775
None0,747.0,1350.0,0.000119087
None0,747.0,1351.0,0.000166722
None0,747.0,1352.0,0.001278204
None0,747.0,1353.0,0.002334111
None0,747.0,1354.0,0.000198479
None0,747.0,1355.0,2.38e-05
None0,747.0,1356.0,0.000635132
None0,747.0,1357.0,7.94e-05
None0,747.0,1358.0,0.000349323
None0,747.0,1359.0,7.94e-06
None0,747.0,1360.0,0.000150844
None0,747.0,1361.0,0.000523984
None0,747.0,1362.0,0.001945093
None0,747.0,1363.0,8.73e-05
None0,747.0,1364.0,9.53e-05
None0,747.0,1365.0,5.56e-05
None0,747.0,1366.0,7.94e-06
None0,747.0,1367.0,0.000166722
None0,747.0,1368.0,0.000103209
None0,747.0,1369.0,0.000627193
None0,747.0,1370.0,9.53e-05
None0,747.0,1371.0,4.76e-05
None0,747.0,1372.0,0.000476349
None0,747.0,1373.0,0.00910621
None0,747.0,1374.0,0.000238175
None0,747.0,1375.0,0.000381079
None0,747.0,1377.0,0.006502167
None0,747.0,1378.0,0.000134966
None0,747.0,1379.0,0.000198479
None0,747.0,1380.0,0.001024151
None0,747.0,1381.0,0.001667222
None0,747.0,1382.0,6.35e-05
None0,747.0,1383.0,0.000134966
None0,747.0,1384.0,0.000730402
None0,747.0,1385.0,7.15e-05
None0,747.0,1386.0,0.00046841
None0,747.0,1387.0,0.000603376
None0,747.0,1389.0,0.000651011
None0,747.0,1390.0,7.94e-06
None0,747.0,1392.0,0.001198812
None0,747.0,1393.0,3.18e-05
None0,747.0,1395.0,0.000389019
None0,747.0,1396.0,0.000825672
None0,747.0,1397.0,2.38e-05
None0,747.0,1398.0,5.56e-05
None0,747.0,1399.0,7.94e-06
None0,747.0,1400.0,4.76e-05
None0,747.0,1401.0,0.000261992
None0,747.0,1402.0,0.000651011
None0,747.0,1403.0,0.000587497
None0,747.0,1404.0,0.000103209
None0,747.0,1405.0,4.76e-05
None0,747.0,1406.0,0.000198479
None0,747.0,1407.0,3.18e-05
None0,747.0,1408.0,0.001174995
None0,747.0,1409.0,1.59e-05
None0,747.0,1411.0,7.94e-06
None0,747.0,1412.0,0.000555741
None0,747.0,1413.0,0.000293749
None0,747.0,1414.0,0.000150844
None0,747.0,1415.0,9.53e-05
None0,747.0,1416.0,7.15e-05
None0,747.0,1417.0,7.94e-06
None0,747.0,1418.0,0.000127026
None0,747.0,1419.0,0.000293749
None0,747.0,1420.0,0.000365201
None0,747.0,1422.0,0.00027787
None0,747.0,1423.0,0.002810461
None0,747.0,1424.0,8.73e-05
None0,747.0,1425.0,0.000833611
None0,747.0,1427.0,0.000119087
None0,747.0,1428.0,2.38e-05
None0,747.0,1429.0,0.002842217
None0,747.0,1430.0,0.000905064
None0,747.0,1431.0,0.000516045
None0,747.0,1433.0,7.15e-05
None0,747.0,1434.0,0.000420775
None0,747.0,1435.0,5.56e-05
None0,747.0,1436.0,8.73e-05
None0,747.0,1437.0,0.000269931
None0,747.0,1438.0,2.38e-05
None0,747.0,1439.0,7.94e-06
None0,747.0,1440.0,0.001444926
None0,747.0,1442.0,0.000111148
None0,747.0,1443.0,5.56e-05
None0,747.0,1444.0,0.000254053
None0,747.0,1445.0,0.00028581
None0,747.0,1447.0,2.38e-05
None0,747.0,1448.0,4.76e-05
None0,747.0,1449.0,0.001174995
None0,747.0,1450.0,0.000547802
None0,747.0,1451.0,0.000246114
None0,747.0,1453.0,1.59e-05
None0,747.0,1454.0,0.000460471
None0,747.0,1455.0,0.000722463
None0,747.0,1456.0,3.97e-05
None0,747.0,1457.0,0.000539862
None0,747.0,1458.0,0.000111148
None0,747.0,1459.0,0.000476349
None0,747.0,1460.0,3.97e-05
None0,747.0,1461.0,0.00019054
None0,747.0,1462.0,0.003683768
None0,747.0,1464.0,7.94e-06
None0,747.0,1465.0,0.00084949
None0,747.0,1466.0,0.000484288
None0,747.0,1467.0,0.000317566
None0,747.0,1468.0,7.94e-05
None0,747.0,1469.0,0.000158783
None0,747.0,1470.0,0.005652678
None0,747.0,1471.0,3.97e-05
None0,747.0,1472.0,0.000523984
None0,747.0,1475.0,0.000103209
None0,747.0,1477.0,2.38e-05
None0,747.0,1478.0,0.000500167
None0,747.0,1479.0,0.00450944
None0,747.0,1480.0,0.001945093
None0,747.0,1481.0,1.59e-05
None0,747.0,1482.0,0.00019054
None0,747.0,1483.0,0.000913003
None0,747.0,1484.0,7.15e-05
None0,747.0,1485.0,7.15e-05
None0,747.0,1486.0,0.000269931
None0,747.0,1487.0,7.94e-06
None0,747.0,1488.0,0.00028581
None0,747.0,1489.0,0.000254053
None0,747.0,1490.0,0.000785976
None0,747.0,1491.0,7.94e-06
None0,747.0,1492.0,0.002246781
None0,747.0,1493.0,7.94e-06
None0,747.0,1494.0,3.97e-05
None0,747.0,1495.0,0.001897458
None0,747.0,1496.0,3.97e-05
None0,747.0,1497.0,0.000682767
None0,747.0,1498.0,0.005708252
None0,747.0,1499.0,1.59e-05
None0,747.0,1500.0,0.000142905
None0,747.0,1501.0,6.35e-05
None0,747.0,1502.0,5.56e-05
None0,747.0,1503.0,0.000960638
None0,747.0,1504.0,0.000238175
None0,747.0,1505.0,0.000166722
None0,747.0,1506.0,0.000127026
None0,747.0,1507.0,7.94e-05
None0,747.0,1508.0,7.94e-06
None0,747.0,1509.0,0.000516045
None0,747.0,1510.0,0.000579558
None0,747.0,1511.0,0.000349323
None0,747.0,1512.0,0.000611315
None0,747.0,1513.0,0.000690706
None0,747.0,1514.0,0.005692374
None0,747.0,1515.0,4.76e-05
None0,747.0,1516.0,2.38e-05
None0,747.0,1517.0,1.59e-05
None0,747.0,1518.0,7.94e-06
None0,747.0,1519.0,0.001167056
None0,747.0,1520.0,0.001278204
None0,747.0,1521.0,2.38e-05
None0,747.0,1522.0,0.005398625
None0,747.0,1523.0,0.00028581
None0,747.0,1524.0,0.001444926
None0,747.0,1525.0,0.001206751
None0,747.0,1526.0,0.000746281
None0,747.0,1527.0,2.38e-05
None0,747.0,1528.0,0.000587497
None0,747.0,1529.0,0.000261992
None0,747.0,1530.0,0.00028581
None0,747.0,1531.0,3.18e-05
None0,747.0,1532.0,3.97e-05
None0,747.0,1533.0,1.59e-05
None0,747.0,1534.0,0.00037314
None0,747.0,1535.0,0.000103209
None0,747.0,1536.0,3.18e-05
None0,747.0,1538.0,0.001325839
None0,747.0,1539.0,7.94e-06
None0,747.0,1540.0,0.000516045
None0,747.0,1541.0,0.000389019
None0,747.0,1542.0,1.59e-05
None0,747.0,1543.0,0.003524985
None0,747.0,1544.0,3.97e-05
None0,747.0,1545.0,0.001635466
None0,747.0,1546.0,1.59e-05
None0,747.0,1547.0,0.00019054
None0,747.0,1550.0,0.000396958
None0,747.0,1551.0,0.0013179
None0,747.0,1552.0,7.94e-06
None0,747.0,1553.0,8.73e-05
None0,747.0,1554.0,0.000119087
None0,747.0,1555.0,0.003786977
None0,747.0,1556.0,2.38e-05
None0,747.0,1557.0,0.000579558
None0,747.0,1558.0,3.18e-05
None0,747.0,1559.0,0.000150844
None0,747.0,1560.0,0.000103209
None0,747.0,1561.0,0.000516045
None0,747.0,1562.0,0.00188158
None0,747.0,1563.0,0.009749282
None0,747.0,1565.0,0.00037314
None0,747.0,1566.0,0.003255053
None0,747.0,1567.0,2.38e-05
None0,747.0,1568.0,0.000150844
None0,747.0,1569.0,0.000119087
None0,747.0,1570.0,0.001214691
None0,747.0,1571.0,9.53e-05
None0,747.0,1572.0,7.15e-05
None0,747.0,1573.0,0.000778037
None0,747.0,1574.0,0.00037314
None0,747.0,1576.0,0.000103209
None0,747.0,1577.0,0.00037314
None0,747.0,1578.0,2.38e-05
None0,747.0,1579.0,0.000142905
None0,747.0,1580.0,0.000682767
None0,747.0,1581.0,0.017712253
None0,747.0,1582.0,6.35e-05
None0,747.0,1584.0,3.18e-05
None0,747.0,1585.0,0.000111148
None0,747.0,1586.0,0.002000667
None0,747.0,1587.0,1.59e-05
None0,747.0,1588.0,0.000214357
None0,747.0,1589.0,0.000261992
None0,747.0,1590.0,6.35e-05
None0,747.0,1591.0,0.000500167
None0,747.0,1593.0,0.000881246
None0,747.0,1594.0,3.18e-05
None0,747.0,1595.0,0.000206418
None0,747.0,1596.0,1.59e-05
None0,747.0,1597.0,0.00638308
None0,747.0,1598.0,4.76e-05
None0,747.0,1599.0,0.003255053
None0,747.0,1600.0,0.000254053
None0,747.0,1601.0,2.38e-05
None0,747.0,1602.0,0.000119087
None0,747.0,1603.0,2.38e-05
None0,747.0,1604.0,0.00019054
None0,747.0,1605.0,0.00122263
None0,747.0,1606.0,1.59e-05
None0,747.0,1607.0,4.76e-05
None0,747.0,1608.0,0.000603376
None0,747.0,1609.0,7.94e-06
None0,747.0,1611.0,7.94e-06
None0,747.0,1612.0,3.18e-05
None0,747.0,1613.0,0.003739342
None0,747.0,1614.0,0.000531923
None0,747.0,1615.0,0.000643072
None0,747.0,1616.0,0.000166722
None0,747.0,1617.0,0.000134966
None0,747.0,1618.0,0.000198479
None0,747.0,1619.0,0.000714524
None0,747.0,1620.0,1.59e-05
None0,747.0,1621.0,0.000722463
None0,747.0,1622.0,2.38e-05
None0,747.0,1623.0,6.35e-05
None0,747.0,1624.0,3.18e-05
None0,747.0,1625.0,0.000547802
None0,747.0,1626.0,0.000778037
None0,747.0,1627.0,0.000587497
None0,747.0,1628.0,0.00291367
None0,747.0,1629.0,3.97e-05
None0,747.0,1630.0,0.000111148
None0,747.0,1631.0,0.000182601
None0,747.0,1632.0,3.97e-05
None0,747.0,1633.0,0.000317566
None0,747.0,1634.0,0.000246114
None0,747.0,1635.0,3.97e-05
None0,747.0,1636.0,3.18e-05
None0,747.0,1637.0,0.000214357
None0,747.0,1638.0,8.73e-05
None0,747.0,1639.0,0.000119087
None0,747.0,1640.0,0.000412836
None0,747.0,1641.0,7.94e-06
None0,747.0,1642.0,0.00019054
None0,747.0,1643.0,0.000404897
None0,747.0,1644.0,0.000825672
None0,747.0,1647.0,7.94e-06
None0,747.0,1648.0,0.000381079
None0,747.0,1649.0,6.35e-05
None0,747.0,1650.0,7.15e-05
None0,747.0,1651.0,0.000706585
None0,747.0,1652.0,7.15e-05
None0,747.0,1653.0,3.97e-05
None0,747.0,1654.0,0.000817733
None0,747.0,1655.0,0.006724464
None0,747.0,1656.0,0.001532257
None0,747.0,1657.0,0.000436653
None0,747.0,1660.0,0.000762159
None0,747.0,1662.0,0.000381079
None0,747.0,1663.0,1.59e-05
None0,747.0,1664.0,0.001349656
None0,747.0,1665.0,9.53e-05
None0,747.0,1666.0,1.59e-05
None0,747.0,1667.0,5.56e-05
None0,747.0,1668.0,3.18e-05
None0,747.0,1669.0,0.000261992
None0,747.0,1670.0,7.94e-06
None0,747.0,1671.0,7.15e-05
None0,747.0,1672.0,0.000182601
None0,747.0,1674.0,0.000111148
None0,747.0,1675.0,1.59e-05
None0,747.0,1676.0,0.000119087
None0,747.0,1677.0,6.35e-05
None0,747.0,1678.0,2.38e-05
None0,747.0,1679.0,7.94e-06
None0,747.0,1680.0,6.35e-05
None0,747.0,1681.0,0.000127026
None0,747.0,1682.0,0.005644739
None0,747.0,1683.0,5.56e-05
None0,747.0,1684.0,0.000571619
None0,747.0,1685.0,0.000571619
None0,747.0,1686.0,7.94e-06
None0,747.0,1687.0,0.00028581
None0,747.0,1688.0,0.000206418
None0,747.0,1689.0,0.00028581
None0,747.0,1691.0,0.000516045
None0,747.0,1692.0,1.59e-05
None0,747.0,1693.0,7.94e-06
None0,747.0,1694.0,1.59e-05
None0,747.0,1695.0,0.002993061
None0,747.0,1696.0,7.94e-05
None0,747.0,1697.0,0.000230235
None0,747.0,1698.0,0.000127026
None0,747.0,1699.0,7.15e-05
None0,747.0,1700.0,0.000134966
None0,747.0,1701.0,0.000182601
None0,747.0,1702.0,0.003485289
None0,747.0,1703.0,0.000166722
None0,747.0,1704.0,0.00027787
None0,747.0,1705.0,0.000158783
None0,747.0,1706.0,0.000381079
None0,747.0,1707.0,5.56e-05
None0,747.0,1708.0,0.000206418
None0,747.0,1709.0,0.000166722
None0,747.0,1710.0,0.001659283
None0,747.0,1711.0,3.18e-05
None0,747.0,1712.0,0.00478731
None0,747.0,1713.0,3.97e-05
None0,747.0,1714.0,8.73e-05
None0,747.0,1715.0,0.00028581
None0,747.0,1716.0,0.001159117
None0,747.0,1717.0,0.000603376
None0,747.0,1718.0,1.59e-05
None0,747.0,1719.0,0.000833611
None0,747.0,1720.0,5.56e-05
None0,747.0,1721.0,0.000142905
None0,747.0,1722.0,2.38e-05
None0,747.0,1723.0,0.000111148
None0,747.0,1724.0,0.00027787
None0,747.0,1725.0,2.38e-05
None0,747.0,1727.0,0.00027787
None0,747.0,1728.0,0.000428714
None0,747.0,1729.0,0.00019054
None0,747.0,1730.0,0.000142905
None0,747.0,1731.0,0.000643072
None0,747.0,1732.0,1.59e-05
None0,747.0,1733.0,0.00019054
None0,747.0,1735.0,9.53e-05
None0,747.0,1736.0,5.56e-05
None0,747.0,1737.0,0.001151177
None0,747.0,1738.0,3.18e-05
None0,747.0,1739.0,7.15e-05
None0,747.0,1740.0,0.00019054
None0,747.0,1741.0,8.73e-05
None0,747.0,1742.0,0.000261992
None0,747.0,1743.0,6.35e-05
None0,747.0,1744.0,0.000111148
None0,747.0,1746.0,0.000158783
None0,747.0,1747.0,0.000238175
None0,747.0,1748.0,0.00028581
None0,747.0,1749.0,0.0028184
None0,747.0,1750.0,0.000103209
None0,747.0,1751.0,8.73e-05
None0,747.0,1752.0,4.76e-05
None0,747.0,1753.0,1.59e-05
None0,747.0,1754.0,0.000119087
None0,747.0,1755.0,0.002754887
None0,747.0,1756.0,0.001722796
None0,747.0,1757.0,0.000103209
None0,747.0,1758.0,0.000913003
None0,747.0,1759.0,0.000111148
None0,747.0,1760.0,0.000230235
None0,747.0,1762.0,0.000111148
None0,747.0,1763.0,0.000134966
None0,747.0,1764.0,0.000142905
None0,747.0,1765.0,0.00525572
None0,747.0,1766.0,0.00028581
None0,747.0,1767.0,0.000103209
None0,747.0,1768.0,7.94e-06
None0,747.0,1769.0,3.97e-05
None0,747.0,1770.0,1.59e-05
None0,747.0,1771.0,0.000269931
None0,747.0,1773.0,0.000206418
None0,747.0,1774.0,0.00019054
None0,747.0,1775.0,0.003270932
None0,747.0,1776.0,0.000230235
None0,747.0,1777.0,7.94e-06
None0,747.0,1778.0,7.15e-05
None0,747.0,1779.0,0.000246114
None0,747.0,1780.0,0.000547802
None0,747.0,1781.0,6.35e-05
None0,747.0,1782.0,0.000111148
None0,747.0,1783.0,0.002111815
None0,747.0,1784.0,0.000150844
None0,747.0,1785.0,4.76e-05
None0,747.0,1786.0,0.000238175
None0,747.0,1787.0,0.000166722
None0,747.0,1788.0,7.94e-06
None0,747.0,1789.0,0.000428714
None0,747.0,1790.0,6.35e-05
None0,747.0,1791.0,6.35e-05
None0,747.0,1793.0,0.00027787
None0,747.0,1794.0,0.000341384
None0,747.0,1795.0,0.00019054
None0,747.0,1796.0,0.000547802
None0,747.0,1797.0,0.000960638
None0,747.0,1798.0,3.18e-05
None0,747.0,1799.0,3.97e-05
None0,747.0,1800.0,0.000142905
None0,747.0,1801.0,0.000198479
None0,747.0,1802.0,0.00019054
None0,747.0,1803.0,0.000119087
None0,747.0,1805.0,0.000976516
None0,747.0,1806.0,7.94e-06
None0,747.0,1807.0,4.76e-05
None0,747.0,1808.0,3.97e-05
None0,747.0,1809.0,0.000865368
None0,747.0,1810.0,5.56e-05
None0,747.0,1811.0,0.001373474
None0,747.0,1812.0,0.000103209
None0,747.0,1813.0,0.00019054
None0,747.0,1814.0,0.018760222
None0,747.0,1816.0,3.18e-05
None0,747.0,1817.0,5.56e-05
None0,747.0,1818.0,0.001254386
None0,747.0,1819.0,0.000230235
None0,747.0,1820.0,3.97e-05
None0,747.0,1821.0,0.000420775
None0,747.0,1822.0,0.000166722
None0,747.0,1823.0,0.000150844
None0,747.0,1824.0,0.000119087
None0,747.0,1825.0,0.000349323
None0,747.0,1826.0,3.18e-05
None0,747.0,1827.0,0.00037314
None0,747.0,1828.0,7.15e-05
None0,747.0,1829.0,0.00103209
None0,747.0,1830.0,7.15e-05
None0,747.0,1831.0,3.18e-05
None0,747.0,1832.0,0.000111148
None0,747.0,1833.0,5.56e-05
None0,747.0,1834.0,0.000539862
None0,747.0,1835.0,0.00178631
None0,747.0,1836.0,3.18e-05
None0,747.0,1837.0,0.000428714
None0,747.0,1838.0,6.35e-05
None0,747.0,1839.0,1.59e-05
None0,747.0,1840.0,1.59e-05
None0,747.0,1841.0,4.76e-05
None0,747.0,1842.0,0.000127026
None0,747.0,1843.0,0.000825672
None0,747.0,1844.0,0.006692707
None0,747.0,1845.0,3.18e-05
None0,747.0,1846.0,0.00554153
None0,747.0,1847.0,0.000889185
None0,747.0,1848.0,2.38e-05
None0,747.0,1849.0,0.000134966
None0,747.0,1850.0,0.000103209
None0,747.0,1851.0,0.000365201
None0,747.0,1852.0,1.59e-05
None0,747.0,1853.0,7.94e-05
None0,747.0,1854.0,8.73e-05
None0,747.0,1855.0,0.000103209
None0,747.0,1856.0,3.97e-05
None0,747.0,1857.0,0.000134966
None0,747.0,1858.0,0.000317566
None0,747.0,1859.0,7.15e-05
None0,747.0,1860.0,0.001159117
None0,747.0,1861.0,0.000428714
None0,747.0,1862.0,0.00019054
None0,747.0,1863.0,0.000142905
None0,747.0,1864.0,1.59e-05
None0,747.0,1865.0,0.000111148
None0,747.0,1866.0,3.18e-05
None0,747.0,1867.0,7.15e-05
None0,747.0,1868.0,5.56e-05
None0,747.0,1869.0,6.35e-05
None0,747.0,1870.0,0.000134966
None0,747.0,1871.0,0.001024151
None0,747.0,1872.0,0.000119087
None0,747.0,1873.0,8.73e-05
None0,747.0,1874.0,0.000198479
None0,747.0,1875.0,6.35e-05
None0,747.0,1876.0,7.94e-06
None0,747.0,1877.0,0.000547802
None0,747.0,1878.0,0.000142905
None0,747.0,1879.0,2.38e-05
None0,747.0,1880.0,4.76e-05
None0,747.0,1881.0,0.000301688
None0,747.0,1882.0,0.000301688
None0,747.0,1883.0,2.38e-05
None0,747.0,1884.0,0.000579558
None0,747.0,1885.0,3.18e-05
None0,747.0,1886.0,1.59e-05
None0,747.0,1887.0,2.38e-05
None0,747.0,1888.0,0.000150844
None0,747.0,1889.0,2.38e-05
None0,747.0,1890.0,0.000230235
None0,747.0,1891.0,5.56e-05
None0,747.0,1892.0,0.000246114
None0,747.0,1893.0,0.003580559
None0,747.0,1894.0,7.94e-06
None0,747.0,1895.0,0.001524318
None0,747.0,1896.0,0.000817733
None0,747.0,1897.0,0.001698979
None0,747.0,1899.0,0.000714524
None0,747.0,1900.0,0.000809794
None0,747.0,1901.0,0.002270598
None0,747.0,1902.0,6.35e-05
None0,747.0,1904.0,0.021165785
None0,747.0,1905.0,5.56e-05
None0,747.0,1906.0,8.73e-05
None0,747.0,1907.0,0.000182601
None0,747.0,1908.0,0.000119087
None0,747.0,1909.0,2.38e-05
None0,747.0,1910.0,1.59e-05
None0,747.0,1911.0,2.38e-05
None0,747.0,1912.0,0.000103209
None0,747.0,1913.0,0.000222296
None0,747.0,1914.0,0.00019054
None0,747.0,1915.0,0.000484288
None0,747.0,1916.0,0.000960638
None0,747.0,1917.0,0.00028581
None0,747.0,1918.0,1.59e-05
None0,747.0,1919.0,0.000119087
None0,747.0,1920.0,0.00019054
None0,747.0,1921.0,9.53e-05
None0,747.0,1922.0,0.001484622
None0,747.0,1923.0,0.000134966
None0,747.0,1924.0,9.53e-05
None0,747.0,1925.0,8.73e-05
None0,747.0,1926.0,0.000111148
None0,747.0,1927.0,3.97e-05
None0,747.0,1928.0,0.00065895
None0,747.0,1930.0,6.35e-05
None0,747.0,1931.0,0.000436653
None0,747.0,1932.0,7.94e-06
None0,747.0,1934.0,0.000317566
None0,747.0,1935.0,0.000246114
None0,747.0,1936.0,7.94e-06
None0,747.0,1937.0,4.76e-05
None0,747.0,1938.0,0.000349323
None0,747.0,1939.0,0.000127026
None0,747.0,1940.0,0.003366201
None0,747.0,1942.0,0.004469744
None0,747.0,1943.0,0.000460471
None0,747.0,1944.0,0.001206751
None0,747.0,1945.0,7.94e-06
None0,747.0,1946.0,0.000111148
None0,747.0,1947.0,0.000595437
None0,747.0,1948.0,0.000960638
None0,747.0,1949.0,4.76e-05
None0,747.0,1950.0,1.59e-05
None0,747.0,1951.0,3.18e-05
None0,747.0,1952.0,0.000119087
None0,747.0,1953.0,0.000341384
None0,747.0,1954.0,0.000103209
None0,747.0,1955.0,3.18e-05
None0,747.0,1956.0,0.000150844
None0,747.0,1957.0,7.94e-05
None0,747.0,1958.0,2.38e-05
None0,747.0,1959.0,0.001349656
None0,747.0,1960.0,0.009519046
None0,747.0,1961.0,8.73e-05
None0,747.0,1962.0,6.35e-05
None0,747.0,1963.0,0.001119421
None0,747.0,1964.0,0.000651011
None0,747.0,1965.0,0.000238175
None0,747.0,1966.0,0.002342051
None0,747.0,1967.0,0.000293749
None0,747.0,1968.0,7.15e-05
None0,747.0,1969.0,3.97e-05
None0,747.0,1970.0,0.00027787
None0,747.0,1971.0,0.000158783
None0,747.0,1972.0,0.000793915
None0,747.0,1973.0,0.000539862
None0,747.0,1974.0,7.94e-06
None0,747.0,1975.0,0.000142905
None0,747.0,1976.0,0.000309627
None0,747.0,1977.0,0.00225472
None0,747.0,1978.0,7.15e-05
None0,747.0,1979.0,5.56e-05
None0,747.0,1981.0,3.97e-05
None0,747.0,1982.0,7.15e-05
None0,747.0,1983.0,0.000111148
None0,747.0,1984.0,4.76e-05
None0,747.0,1985.0,4.76e-05
None0,747.0,1986.0,2.38e-05
None0,747.0,1987.0,1.59e-05
None0,747.0,1988.0,0.000150844
None0,747.0,1989.0,1.59e-05
None0,747.0,1990.0,2.38e-05
None0,747.0,1991.0,0.000555741
None0,747.0,1992.0,0.005263659
None0,747.0,1993.0,1.59e-05
None0,747.0,1994.0,0.000198479
None0,747.0,1995.0,0.000119087
None0,747.0,1996.0,7.94e-06
None0,747.0,1997.0,0.000206418
None0,747.0,1998.0,5.56e-05
None0,747.0,1999.0,0.001953032
None0,748.0,0.0,7.83e-05
None0,748.0,1.0,0.000234834
None0,748.0,2.0,0.000704501
None0,748.0,3.0,0.001409002
None0,748.0,4.0,0.000469667
None0,748.0,5.0,0.000234834
None0,748.0,7.0,7.83e-05
None0,748.0,8.0,7.83e-05
None0,748.0,10.0,0.000234834
None0,748.0,12.0,0.002661448
None0,748.0,13.0,0.006731898
None0,748.0,15.0,7.83e-05
None0,748.0,21.0,7.83e-05
None0,748.0,24.0,0.000626223
None0,748.0,27.0,0.006888454
None0,748.0,29.0,0.002270059
None0,748.0,30.0,0.00109589
None0,748.0,31.0,0.000313112
None0,748.0,32.0,7.83e-05
None0,748.0,33.0,0.002348337
None0,748.0,35.0,7.83e-05
None0,748.0,37.0,0.001174168
None0,748.0,38.0,0.010332681
None0,748.0,39.0,0.000156556
None0,748.0,41.0,0.000234834
None0,748.0,42.0,7.83e-05
None0,748.0,46.0,7.83e-05
None0,748.0,49.0,0.000313112
None0,748.0,52.0,0.000156556
None0,748.0,58.0,0.000156556
None0,748.0,60.0,0.000234834
None0,748.0,63.0,0.000391389
None0,748.0,64.0,7.83e-05
None0,748.0,66.0,0.000234834
None0,748.0,67.0,7.83e-05
None0,748.0,68.0,0.000234834
None0,748.0,69.0,0.000156556
None0,748.0,72.0,0.000156556
None0,748.0,74.0,0.000156556
None0,748.0,75.0,7.83e-05
None0,748.0,77.0,0.000469667
None0,748.0,82.0,0.000547945
None0,748.0,83.0,7.83e-05
None0,748.0,84.0,0.000234834
None0,748.0,88.0,7.83e-05
None0,748.0,89.0,0.000156556
None0,748.0,91.0,0.000704501
None0,748.0,95.0,7.83e-05
None0,748.0,106.0,0.000313112
None0,748.0,117.0,7.83e-05
None0,748.0,119.0,7.83e-05
None0,748.0,123.0,0.000156556
None0,748.0,125.0,7.83e-05
None0,748.0,128.0,0.000234834
None0,748.0,134.0,7.83e-05
None0,748.0,141.0,0.000156556
None0,748.0,154.0,7.83e-05
None0,748.0,155.0,7.83e-05
None0,748.0,159.0,7.83e-05
None0,748.0,168.0,7.83e-05
None0,748.0,169.0,0.000234834
None0,748.0,171.0,0.000234834
None0,748.0,174.0,7.83e-05
None0,748.0,177.0,0.004383562
None0,748.0,178.0,7.83e-05
None0,748.0,180.0,0.000234834
None0,748.0,185.0,0.000156556
None0,748.0,186.0,0.000156556
None0,748.0,187.0,0.001409002
None0,748.0,189.0,0.001409002
None0,748.0,190.0,0.004931507
None0,748.0,191.0,0.001409002
None0,748.0,192.0,0.000313112
None0,748.0,193.0,7.83e-05
None0,748.0,194.0,0.00109589
None0,748.0,195.0,0.000469667
None0,748.0,198.0,0.007906067
None0,748.0,200.0,7.83e-05
None0,748.0,201.0,0.000234834
None0,748.0,227.0,0.000469667
None0,748.0,228.0,0.000469667
None0,748.0,229.0,0.000156556
None0,748.0,230.0,0.000782779
None0,748.0,232.0,7.83e-05
None0,748.0,233.0,7.83e-05
None0,748.0,237.0,7.83e-05
None0,748.0,238.0,7.83e-05
None0,748.0,241.0,0.000234834
None0,748.0,242.0,7.83e-05
None0,748.0,243.0,0.007592955
None0,748.0,247.0,0.001330724
None0,748.0,248.0,0.000547945
None0,748.0,249.0,0.001174168
None0,748.0,250.0,7.83e-05
None0,748.0,251.0,0.000234834
None0,748.0,252.0,0.001800391
None0,748.0,253.0,7.83e-05
None0,748.0,254.0,0.000234834
None0,748.0,255.0,0.000234834
None0,748.0,257.0,0.000156556
None0,748.0,258.0,7.83e-05
None0,748.0,259.0,7.83e-05
None0,748.0,261.0,0.001409002
None0,748.0,266.0,7.83e-05
None0,748.0,269.0,7.83e-05
None0,748.0,270.0,0.003757339
None0,748.0,271.0,0.001956947
None0,748.0,275.0,7.83e-05
None0,748.0,276.0,0.001252446
None0,748.0,282.0,7.83e-05
None0,748.0,286.0,0.011585127
None0,748.0,287.0,7.83e-05
None0,748.0,288.0,0.000626223
None0,748.0,291.0,0.000469667
None0,748.0,301.0,0.001722114
None0,748.0,304.0,0.001956947
None0,748.0,309.0,0.000234834
None0,748.0,310.0,0.000156556
None0,748.0,313.0,7.83e-05
None0,748.0,314.0,0.000156556
None0,748.0,315.0,0.000156556
None0,748.0,319.0,0.000313112
None0,748.0,322.0,7.83e-05
None0,748.0,323.0,7.83e-05
None0,748.0,332.0,0.000234834
None0,748.0,333.0,0.000156556
None0,748.0,334.0,0.000156556
None0,748.0,346.0,0.000156556
None0,748.0,347.0,7.83e-05
None0,748.0,353.0,0.000234834
None0,748.0,356.0,0.000391389
None0,748.0,360.0,0.000156556
None0,748.0,362.0,7.83e-05
None0,748.0,364.0,0.001800391
None0,748.0,365.0,0.000234834
None0,748.0,369.0,0.000626223
None0,748.0,370.0,0.000861057
None0,748.0,371.0,0.004540117
None0,748.0,377.0,7.83e-05
None0,748.0,378.0,0.067710372
None0,748.0,379.0,0.000234834
None0,748.0,380.0,7.83e-05
None0,748.0,382.0,0.009471624
None0,748.0,383.0,0.001409002
None0,748.0,388.0,0.000469667
None0,748.0,389.0,7.83e-05
None0,748.0,390.0,0.000234834
None0,748.0,391.0,0.000156556
None0,748.0,394.0,0.000939335
None0,748.0,398.0,0.033894325
None0,748.0,400.0,0.000156556
None0,748.0,402.0,0.000156556
None0,748.0,405.0,0.000156556
None0,748.0,408.0,7.83e-05
None0,748.0,409.0,0.003365949
None0,748.0,410.0,7.83e-05
None0,748.0,411.0,0.001174168
None0,748.0,412.0,0.000156556
None0,748.0,413.0,0.000234834
None0,748.0,416.0,7.83e-05
None0,748.0,417.0,0.000156556
None0,748.0,419.0,0.000861057
None0,748.0,420.0,0.000626223
None0,748.0,424.0,0.000234834
None0,748.0,425.0,0.000156556
None0,748.0,427.0,0.000469667
None0,748.0,429.0,0.000313112
None0,748.0,432.0,0.000391389
None0,748.0,437.0,7.83e-05
None0,748.0,439.0,0.002504892
None0,748.0,441.0,7.83e-05
None0,748.0,442.0,0.000156556
None0,748.0,447.0,7.83e-05
None0,748.0,450.0,0.000234834
None0,748.0,451.0,7.83e-05
None0,748.0,454.0,0.000234834
None0,748.0,457.0,0.005870841
None0,748.0,458.0,0.000469667
None0,748.0,462.0,0.039843444
None0,748.0,465.0,7.83e-05
None0,748.0,466.0,7.83e-05
None0,748.0,467.0,0.000391389
None0,748.0,469.0,0.000234834
None0,748.0,472.0,0.001565558
None0,748.0,473.0,0.001330724
None0,748.0,474.0,7.83e-05
None0,748.0,478.0,0.005636008
None0,748.0,480.0,7.83e-05
None0,748.0,481.0,0.000156556
None0,748.0,483.0,0.000313112
None0,748.0,484.0,0.000234834
None0,748.0,488.0,0.000234834
None0,748.0,489.0,7.83e-05
None0,748.0,490.0,0.001565558
None0,748.0,494.0,7.83e-05
None0,748.0,496.0,7.83e-05
None0,748.0,501.0,0.000156556
None0,748.0,504.0,0.000156556
None0,748.0,505.0,0.000704501
None0,748.0,506.0,0.007827789
None0,748.0,509.0,7.83e-05
None0,748.0,515.0,0.000391389
None0,748.0,517.0,7.83e-05
None0,748.0,519.0,0.000234834
None0,748.0,520.0,7.83e-05
None0,748.0,523.0,0.000234834
None0,748.0,526.0,0.000156556
None0,748.0,528.0,0.001643836
None0,748.0,531.0,7.83e-05
None0,748.0,532.0,0.000156556
None0,748.0,533.0,0.004931507
None0,748.0,538.0,0.000313112
None0,748.0,545.0,0.00297456
None0,748.0,546.0,0.000234834
None0,748.0,551.0,7.83e-05
None0,748.0,552.0,7.83e-05
None0,748.0,553.0,0.001643836
None0,748.0,554.0,0.000234834
None0,748.0,555.0,7.83e-05
None0,748.0,557.0,0.000782779
None0,748.0,561.0,0.000156556
None0,748.0,564.0,0.000626223
None0,748.0,567.0,0.000469667
None0,748.0,568.0,0.000313112
None0,748.0,569.0,0.000234834
None0,748.0,570.0,7.83e-05
None0,748.0,575.0,0.000234834
None0,748.0,576.0,7.83e-05
None0,748.0,581.0,0.001565558
None0,748.0,582.0,0.001252446
None0,748.0,583.0,7.83e-05
None0,748.0,587.0,0.000547945
None0,748.0,589.0,0.000547945
None0,748.0,594.0,7.83e-05
None0,748.0,601.0,0.000704501
None0,748.0,602.0,0.000626223
None0,748.0,606.0,0.000313112
None0,748.0,608.0,7.83e-05
None0,748.0,610.0,0.000156556
None0,748.0,611.0,0.000234834
None0,748.0,612.0,7.83e-05
None0,748.0,613.0,0.003365949
None0,748.0,614.0,0.000234834
None0,748.0,616.0,0.000391389
None0,748.0,618.0,7.83e-05
None0,748.0,620.0,7.83e-05
None0,748.0,621.0,0.000939335
None0,748.0,622.0,0.000234834
None0,748.0,623.0,0.000626223
None0,748.0,632.0,7.83e-05
None0,748.0,633.0,0.000391389
None0,748.0,637.0,0.000234834
None0,748.0,639.0,0.000156556
None0,748.0,640.0,0.000156556
None0,748.0,641.0,0.000156556
None0,748.0,644.0,7.83e-05
None0,748.0,645.0,0.000234834
None0,748.0,647.0,0.000156556
None0,748.0,651.0,7.83e-05
None0,748.0,653.0,7.83e-05
None0,748.0,655.0,0.004540117
None0,748.0,657.0,0.000156556
None0,748.0,659.0,7.83e-05
None0,748.0,662.0,0.000156556
None0,748.0,663.0,0.000234834
None0,748.0,665.0,0.001017613
None0,748.0,666.0,7.83e-05
None0,748.0,667.0,0.000391389
None0,748.0,669.0,0.00109589
None0,748.0,671.0,7.83e-05
None0,748.0,673.0,0.005401174
None0,748.0,674.0,7.83e-05
None0,748.0,675.0,0.000234834
None0,748.0,676.0,0.00109589
None0,748.0,679.0,7.83e-05
None0,748.0,681.0,0.000547945
None0,748.0,683.0,0.008767123
None0,748.0,684.0,7.83e-05
None0,748.0,687.0,7.83e-05
None0,748.0,689.0,0.000234834
None0,748.0,690.0,7.83e-05
None0,748.0,691.0,0.001017613
None0,748.0,694.0,7.83e-05
None0,748.0,695.0,7.83e-05
None0,748.0,698.0,0.001878669
None0,748.0,699.0,0.000313112
None0,748.0,700.0,0.000156556
None0,748.0,702.0,0.000313112
None0,748.0,704.0,0.000234834
None0,748.0,705.0,0.000782779
None0,748.0,706.0,0.000313112
None0,748.0,709.0,7.83e-05
None0,748.0,710.0,7.83e-05
None0,748.0,712.0,0.000156556
None0,748.0,713.0,0.000861057
None0,748.0,714.0,0.000234834
None0,748.0,717.0,0.00109589
None0,748.0,718.0,0.00109589
None0,748.0,719.0,0.001252446
None0,748.0,721.0,7.83e-05
None0,748.0,722.0,7.83e-05
None0,748.0,723.0,7.83e-05
None0,748.0,726.0,7.83e-05
None0,748.0,733.0,0.000234834
None0,748.0,738.0,7.83e-05
None0,748.0,739.0,0.000234834
None0,748.0,741.0,7.83e-05
None0,748.0,742.0,0.010802348
None0,748.0,743.0,0.000234834
None0,748.0,744.0,0.000234834
None0,748.0,745.0,0.000234834
None0,748.0,747.0,0.00109589
None0,748.0,750.0,7.83e-05
None0,748.0,757.0,7.83e-05
None0,748.0,761.0,7.83e-05
None0,748.0,764.0,7.83e-05
None0,748.0,765.0,0.000547945
None0,748.0,766.0,0.000469667
None0,748.0,767.0,0.004696673
None0,748.0,768.0,0.000313112
None0,748.0,769.0,0.000234834
None0,748.0,770.0,7.83e-05
None0,748.0,771.0,0.000547945
None0,748.0,772.0,7.83e-05
None0,748.0,773.0,0.000547945
None0,748.0,775.0,0.000313112
None0,748.0,780.0,0.000939335
None0,748.0,784.0,0.002426614
None0,748.0,787.0,7.83e-05
None0,748.0,788.0,7.83e-05
None0,748.0,789.0,0.001800391
None0,748.0,791.0,7.83e-05
None0,748.0,792.0,0.000313112
None0,748.0,794.0,0.000782779
None0,748.0,795.0,0.001409002
None0,748.0,797.0,0.009706458
None0,748.0,798.0,0.001017613
None0,748.0,799.0,7.83e-05
None0,748.0,800.0,0.029980431
None0,748.0,804.0,0.000156556
None0,748.0,805.0,0.000234834
None0,748.0,806.0,0.000234834
None0,748.0,807.0,0.00109589
None0,748.0,808.0,0.011585127
None0,748.0,810.0,0.000234834
None0,748.0,813.0,7.83e-05
None0,748.0,814.0,0.001643836
None0,748.0,816.0,0.000391389
None0,748.0,817.0,0.000313112
None0,748.0,818.0,7.83e-05
None0,748.0,820.0,0.003365949
None0,748.0,822.0,7.83e-05
None0,748.0,825.0,0.000156556
None0,748.0,827.0,0.000234834
None0,748.0,830.0,0.000156556
None0,748.0,834.0,0.000469667
None0,748.0,837.0,7.83e-05
None0,748.0,839.0,0.000469667
None0,748.0,840.0,0.000469667
None0,748.0,842.0,7.83e-05
None0,748.0,844.0,0.000156556
None0,748.0,845.0,0.000469667
None0,748.0,847.0,0.001878669
None0,748.0,848.0,0.001643836
None0,748.0,849.0,0.000704501
None0,748.0,850.0,0.000313112
None0,748.0,853.0,0.000156556
None0,748.0,854.0,0.000391389
None0,748.0,857.0,0.000156556
None0,748.0,859.0,0.001878669
None0,748.0,861.0,7.83e-05
None0,748.0,862.0,0.002818004
None0,748.0,863.0,0.000234834
None0,748.0,865.0,0.000313112
None0,748.0,867.0,0.000156556
None0,748.0,868.0,0.002504892
None0,748.0,874.0,0.000156556
None0,748.0,875.0,7.83e-05
None0,748.0,879.0,7.83e-05
None0,748.0,881.0,0.000234834
None0,748.0,883.0,0.000469667
None0,748.0,884.0,0.000234834
None0,748.0,885.0,0.002035225
None0,748.0,886.0,0.008375734
None0,748.0,887.0,0.002504892
None0,748.0,892.0,0.000156556
None0,748.0,893.0,7.83e-05
None0,748.0,894.0,0.000156556
None0,748.0,895.0,7.83e-05
None0,748.0,896.0,0.000234834
None0,748.0,897.0,0.000626223
None0,748.0,898.0,0.000156556
None0,748.0,900.0,7.83e-05
None0,748.0,902.0,0.000234834
None0,748.0,908.0,0.000234834
None0,748.0,911.0,0.000234834
None0,748.0,915.0,0.000313112
None0,748.0,916.0,0.000156556
None0,748.0,918.0,0.000156556
None0,748.0,919.0,7.83e-05
None0,748.0,920.0,0.000156556
None0,748.0,921.0,0.002113503
None0,748.0,922.0,0.001017613
None0,748.0,929.0,0.000156556
None0,748.0,932.0,0.000391389
None0,748.0,935.0,0.003052838
None0,748.0,940.0,0.000156556
None0,748.0,945.0,0.000391389
None0,748.0,946.0,7.83e-05
None0,748.0,947.0,7.83e-05
None0,748.0,948.0,0.000156556
None0,748.0,950.0,0.000156556
None0,748.0,954.0,0.003444227
None0,748.0,957.0,7.83e-05
None0,748.0,958.0,0.000939335
None0,748.0,959.0,0.000156556
None0,748.0,960.0,7.83e-05
None0,748.0,961.0,7.83e-05
None0,748.0,962.0,7.83e-05
None0,748.0,963.0,0.000313112
None0,748.0,964.0,0.000469667
None0,748.0,966.0,0.000156556
None0,748.0,967.0,0.000313112
None0,748.0,968.0,0.000939335
None0,748.0,970.0,0.004774951
None0,748.0,971.0,0.000156556
None0,748.0,972.0,7.83e-05
None0,748.0,978.0,0.000861057
None0,748.0,979.0,0.000156556
None0,748.0,980.0,0.000156556
None0,748.0,983.0,7.83e-05
None0,748.0,989.0,7.83e-05
None0,748.0,990.0,0.00148728
None0,748.0,992.0,7.83e-05
None0,748.0,994.0,0.000626223
None0,748.0,996.0,7.83e-05
None0,748.0,1000.0,0.000156556
None0,748.0,1001.0,0.000626223
None0,748.0,1003.0,0.00148728
None0,748.0,1006.0,0.000547945
None0,748.0,1007.0,0.001800391
None0,748.0,1009.0,7.83e-05
None0,748.0,1015.0,0.000939335
None0,748.0,1018.0,0.000469667
None0,748.0,1021.0,0.001643836
None0,748.0,1025.0,0.000547945
None0,748.0,1026.0,7.83e-05
None0,748.0,1027.0,0.000469667
None0,748.0,1031.0,0.006105675
None0,748.0,1032.0,0.000234834
None0,748.0,1039.0,0.000391389
None0,748.0,1042.0,0.004618395
None0,748.0,1043.0,0.004540117
None0,748.0,1044.0,7.83e-05
None0,748.0,1046.0,7.83e-05
None0,748.0,1047.0,0.001409002
None0,748.0,1048.0,7.83e-05
None0,748.0,1050.0,0.000782779
None0,748.0,1051.0,0.000234834
None0,748.0,1052.0,0.000313112
None0,748.0,1053.0,0.000156556
None0,748.0,1054.0,0.002896282
None0,748.0,1055.0,7.83e-05
None0,748.0,1058.0,7.83e-05
None0,748.0,1059.0,0.000391389
None0,748.0,1060.0,0.000234834
None0,748.0,1062.0,7.83e-05
None0,748.0,1065.0,7.83e-05
None0,748.0,1068.0,0.000234834
None0,748.0,1071.0,7.83e-05
None0,748.0,1072.0,7.83e-05
None0,748.0,1073.0,7.83e-05
None0,748.0,1074.0,7.83e-05
None0,748.0,1077.0,7.83e-05
None0,748.0,1078.0,0.001330724
None0,748.0,1081.0,0.002035225
None0,748.0,1083.0,0.000156556
None0,748.0,1084.0,0.003209393
None0,748.0,1090.0,0.000861057
None0,748.0,1092.0,0.000313112
None0,748.0,1096.0,0.000156556
None0,748.0,1099.0,7.83e-05
None0,748.0,1103.0,7.83e-05
None0,748.0,1104.0,0.001174168
None0,748.0,1106.0,0.000156556
None0,748.0,1110.0,0.000313112
None0,748.0,1113.0,0.000156556
None0,748.0,1114.0,0.001330724
None0,748.0,1116.0,0.000547945
None0,748.0,1119.0,0.000626223
None0,748.0,1122.0,7.83e-05
None0,748.0,1124.0,0.000234834
None0,748.0,1130.0,7.83e-05
None0,748.0,1132.0,0.000156556
None0,748.0,1135.0,0.000234834
None0,748.0,1137.0,0.000156556
None0,748.0,1138.0,0.00555773
None0,748.0,1140.0,0.002348337
None0,748.0,1142.0,7.83e-05
None0,748.0,1143.0,0.000234834
None0,748.0,1144.0,0.000704501
None0,748.0,1147.0,7.83e-05
None0,748.0,1153.0,0.002661448
None0,748.0,1155.0,7.83e-05
None0,748.0,1160.0,7.83e-05
None0,748.0,1161.0,7.83e-05
None0,748.0,1162.0,7.83e-05
None0,748.0,1163.0,0.005479452
None0,748.0,1164.0,0.000469667
None0,748.0,1170.0,0.000313112
None0,748.0,1171.0,0.000156556
None0,748.0,1172.0,0.007201566
None0,748.0,1174.0,7.83e-05
None0,748.0,1175.0,0.000313112
None0,748.0,1176.0,7.83e-05
None0,748.0,1177.0,0.010802348
None0,748.0,1178.0,0.000313112
None0,748.0,1179.0,7.83e-05
None0,748.0,1181.0,7.83e-05
None0,748.0,1182.0,0.000861057
None0,748.0,1186.0,0.000704501
None0,748.0,1187.0,0.004618395
None0,748.0,1188.0,0.000234834
None0,748.0,1192.0,7.83e-05
None0,748.0,1196.0,0.00446184
None0,748.0,1200.0,0.000156556
None0,748.0,1202.0,7.83e-05
None0,748.0,1208.0,0.000626223
None0,748.0,1210.0,0.000156556
None0,748.0,1213.0,7.83e-05
None0,748.0,1214.0,0.000782779
None0,748.0,1216.0,0.000313112
None0,748.0,1224.0,0.003365949
None0,748.0,1228.0,0.000547945
None0,748.0,1230.0,7.83e-05
None0,748.0,1234.0,7.83e-05
None0,748.0,1235.0,0.000234834
None0,748.0,1237.0,0.001017613
None0,748.0,1238.0,0.006183953
None0,748.0,1239.0,0.000391389
None0,748.0,1241.0,0.000313112
None0,748.0,1242.0,0.000861057
None0,748.0,1244.0,0.00109589
None0,748.0,1247.0,0.000391389
None0,748.0,1248.0,0.000156556
None0,748.0,1250.0,0.000469667
None0,748.0,1251.0,0.000156556
None0,748.0,1252.0,0.000156556
None0,748.0,1253.0,0.000234834
None0,748.0,1257.0,7.83e-05
None0,748.0,1258.0,7.83e-05
None0,748.0,1259.0,7.83e-05
None0,748.0,1262.0,0.000391389
None0,748.0,1263.0,0.001878669
None0,748.0,1264.0,0.006497065
None0,748.0,1265.0,0.000547945
None0,748.0,1270.0,0.000391389
None0,748.0,1271.0,0.00109589
None0,748.0,1272.0,0.000156556
None0,748.0,1273.0,0.000704501
None0,748.0,1274.0,0.008767123
None0,748.0,1275.0,0.000156556
None0,748.0,1277.0,0.000391389
None0,748.0,1279.0,0.001252446
None0,748.0,1280.0,0.000313112
None0,748.0,1283.0,0.000156556
None0,748.0,1286.0,0.000782779
None0,748.0,1287.0,0.002035225
None0,748.0,1290.0,0.005088063
None0,748.0,1291.0,7.83e-05
None0,748.0,1293.0,0.000156556
None0,748.0,1296.0,0.000156556
None0,748.0,1297.0,7.83e-05
None0,748.0,1299.0,0.000313112
None0,748.0,1301.0,0.000313112
None0,748.0,1303.0,7.83e-05
None0,748.0,1306.0,0.000234834
None0,748.0,1316.0,0.000861057
None0,748.0,1317.0,7.83e-05
None0,748.0,1320.0,0.000626223
None0,748.0,1322.0,0.000156556
None0,748.0,1323.0,0.000313112
None0,748.0,1324.0,7.83e-05
None0,748.0,1329.0,0.002270059
None0,748.0,1331.0,7.83e-05
None0,748.0,1332.0,0.005636008
None0,748.0,1333.0,0.000156556
None0,748.0,1335.0,7.83e-05
None0,748.0,1336.0,0.000469667
None0,748.0,1337.0,0.000861057
None0,748.0,1338.0,0.001252446
None0,748.0,1341.0,0.007906067
None0,748.0,1342.0,0.000782779
None0,748.0,1345.0,0.000234834
None0,748.0,1348.0,0.002426614
None0,748.0,1351.0,0.000234834
None0,748.0,1352.0,7.83e-05
None0,748.0,1353.0,0.000391389
None0,748.0,1354.0,0.001174168
None0,748.0,1355.0,0.00109589
None0,748.0,1356.0,0.012681018
None0,748.0,1358.0,0.000234834
None0,748.0,1359.0,7.83e-05
None0,748.0,1360.0,0.000156556
None0,748.0,1361.0,0.000704501
None0,748.0,1363.0,7.83e-05
None0,748.0,1366.0,0.000234834
None0,748.0,1373.0,0.000313112
None0,748.0,1374.0,7.83e-05
None0,748.0,1377.0,0.000391389
None0,748.0,1378.0,0.000469667
None0,748.0,1379.0,0.000234834
None0,748.0,1383.0,7.83e-05
None0,748.0,1384.0,0.000704501
None0,748.0,1385.0,0.000547945
None0,748.0,1386.0,0.000156556
None0,748.0,1387.0,0.007592955
None0,748.0,1390.0,7.83e-05
None0,748.0,1392.0,0.000547945
None0,748.0,1393.0,0.000234834
None0,748.0,1395.0,0.015577299
None0,748.0,1397.0,0.000861057
None0,748.0,1400.0,0.000313112
None0,748.0,1401.0,0.000234834
None0,748.0,1402.0,7.83e-05
None0,748.0,1403.0,7.83e-05
None0,748.0,1408.0,0.000547945
None0,748.0,1410.0,7.83e-05
None0,748.0,1413.0,0.000391389
None0,748.0,1416.0,7.83e-05
None0,748.0,1419.0,0.000391389
None0,748.0,1420.0,0.001956947
None0,748.0,1422.0,7.83e-05
None0,748.0,1423.0,0.000391389
None0,748.0,1424.0,0.000313112
None0,748.0,1425.0,0.005009785
None0,748.0,1429.0,0.001017613
None0,748.0,1430.0,0.000156556
None0,748.0,1431.0,0.003052838
None0,748.0,1433.0,0.000156556
None0,748.0,1434.0,7.83e-05
None0,748.0,1437.0,7.83e-05
None0,748.0,1442.0,7.83e-05
None0,748.0,1445.0,7.83e-05
None0,748.0,1449.0,7.83e-05
None0,748.0,1450.0,0.000156556
None0,748.0,1454.0,0.000547945
None0,748.0,1456.0,0.000704501
None0,748.0,1461.0,0.000939335
None0,748.0,1462.0,0.000939335
None0,748.0,1465.0,0.000861057
None0,748.0,1466.0,0.001252446
None0,748.0,1467.0,0.001252446
None0,748.0,1469.0,0.000391389
None0,748.0,1472.0,7.83e-05
None0,748.0,1478.0,0.000626223
None0,748.0,1481.0,7.83e-05
None0,748.0,1484.0,0.000313112
None0,748.0,1486.0,0.000156556
None0,748.0,1488.0,0.000156556
None0,748.0,1492.0,7.83e-05
None0,748.0,1494.0,7.83e-05
None0,748.0,1495.0,0.000313112
None0,748.0,1497.0,0.000156556
None0,748.0,1500.0,0.000156556
None0,748.0,1501.0,0.003209393
None0,748.0,1503.0,7.83e-05
None0,748.0,1505.0,0.001174168
None0,748.0,1506.0,0.000704501
None0,748.0,1507.0,0.000469667
None0,748.0,1511.0,0.000626223
None0,748.0,1514.0,0.000469667
None0,748.0,1515.0,0.000469667
None0,748.0,1516.0,7.83e-05
None0,748.0,1520.0,0.000156556
None0,748.0,1522.0,0.002035225
None0,748.0,1523.0,7.83e-05
None0,748.0,1525.0,0.010958904
None0,748.0,1526.0,0.001565558
None0,748.0,1528.0,0.000156556
None0,748.0,1529.0,0.000469667
None0,748.0,1530.0,0.000313112
None0,748.0,1533.0,0.000313112
None0,748.0,1538.0,7.83e-05
None0,748.0,1541.0,0.002035225
None0,748.0,1543.0,0.000313112
None0,748.0,1544.0,7.83e-05
None0,748.0,1546.0,0.000234834
None0,748.0,1550.0,7.83e-05
None0,748.0,1551.0,0.008375734
None0,748.0,1552.0,0.000234834
None0,748.0,1561.0,0.000704501
None0,748.0,1563.0,0.001643836
None0,748.0,1566.0,0.01111546
None0,748.0,1568.0,7.83e-05
None0,748.0,1569.0,7.83e-05
None0,748.0,1570.0,7.83e-05
None0,748.0,1573.0,0.002504892
None0,748.0,1574.0,0.000156556
None0,748.0,1578.0,0.000156556
None0,748.0,1579.0,0.000782779
None0,748.0,1580.0,0.001800391
None0,748.0,1581.0,7.83e-05
None0,748.0,1582.0,7.83e-05
None0,748.0,1584.0,7.83e-05
None0,748.0,1586.0,0.000547945
None0,748.0,1588.0,0.000234834
None0,748.0,1591.0,7.83e-05
None0,748.0,1593.0,0.000313112
None0,748.0,1595.0,7.83e-05
None0,748.0,1597.0,0.005244618
None0,748.0,1599.0,0.001956947
None0,748.0,1600.0,7.83e-05
None0,748.0,1602.0,0.000234834
None0,748.0,1605.0,7.83e-05
None0,748.0,1609.0,7.83e-05
None0,748.0,1612.0,7.83e-05
None0,748.0,1613.0,0.000156556
None0,748.0,1614.0,0.001409002
None0,748.0,1615.0,0.000156556
None0,748.0,1616.0,0.000391389
None0,748.0,1617.0,0.000313112
None0,748.0,1618.0,0.000782779
None0,748.0,1620.0,7.83e-05
None0,748.0,1621.0,0.000234834
None0,748.0,1625.0,0.000704501
None0,748.0,1627.0,0.000156556
None0,748.0,1628.0,0.003444227
None0,748.0,1637.0,7.83e-05
None0,748.0,1640.0,7.83e-05
None0,748.0,1642.0,0.000313112
None0,748.0,1644.0,0.003835616
None0,748.0,1648.0,0.000547945
None0,748.0,1649.0,0.000156556
None0,748.0,1651.0,0.000156556
None0,748.0,1654.0,7.83e-05
None0,748.0,1656.0,0.000156556
None0,748.0,1667.0,0.001330724
None0,748.0,1672.0,0.001722114
None0,748.0,1674.0,0.000156556
None0,748.0,1677.0,0.000156556
None0,748.0,1680.0,0.000156556
None0,748.0,1682.0,0.000234834
None0,748.0,1684.0,0.001330724
None0,748.0,1685.0,0.000156556
None0,748.0,1687.0,7.83e-05
None0,748.0,1695.0,0.000156556
None0,748.0,1696.0,7.83e-05
None0,748.0,1699.0,7.83e-05
None0,748.0,1700.0,0.000469667
None0,748.0,1701.0,0.00109589
None0,748.0,1702.0,0.000234834
None0,748.0,1703.0,7.83e-05
None0,748.0,1704.0,7.83e-05
None0,748.0,1709.0,0.000704501
None0,748.0,1710.0,0.00109589
None0,748.0,1712.0,7.83e-05
None0,748.0,1715.0,0.000234834
None0,748.0,1716.0,0.000313112
None0,748.0,1719.0,7.83e-05
None0,748.0,1722.0,0.000156556
None0,748.0,1723.0,0.000313112
None0,748.0,1725.0,0.000861057
None0,748.0,1727.0,0.000704501
None0,748.0,1728.0,0.001565558
None0,748.0,1729.0,7.83e-05
None0,748.0,1731.0,0.009706458
None0,748.0,1737.0,0.000782779
None0,748.0,1740.0,7.83e-05
None0,748.0,1742.0,0.000547945
None0,748.0,1743.0,0.000391389
None0,748.0,1746.0,7.83e-05
None0,748.0,1747.0,7.83e-05
None0,748.0,1748.0,0.000234834
None0,748.0,1749.0,0.000626223
None0,748.0,1752.0,7.83e-05
None0,748.0,1755.0,0.028962818
None0,748.0,1756.0,0.000391389
None0,748.0,1757.0,7.83e-05
None0,748.0,1758.0,0.000782779
None0,748.0,1761.0,7.83e-05
None0,748.0,1764.0,7.83e-05
None0,748.0,1765.0,7.83e-05
None0,748.0,1767.0,0.000861057
None0,748.0,1768.0,7.83e-05
None0,748.0,1773.0,0.000313112
None0,748.0,1774.0,7.83e-05
None0,748.0,1775.0,0.000391389
None0,748.0,1782.0,0.000156556
None0,748.0,1783.0,0.000156556
None0,748.0,1787.0,0.00109589
None0,748.0,1791.0,7.83e-05
None0,748.0,1792.0,0.000391389
None0,748.0,1793.0,7.83e-05
None0,748.0,1794.0,0.005401174
None0,748.0,1795.0,0.000391389
None0,748.0,1796.0,7.83e-05
None0,748.0,1797.0,7.83e-05
None0,748.0,1800.0,0.000313112
None0,748.0,1802.0,0.000782779
None0,748.0,1805.0,0.000626223
None0,748.0,1806.0,7.83e-05
None0,748.0,1809.0,0.000156556
None0,748.0,1811.0,7.83e-05
None0,748.0,1813.0,7.83e-05
None0,748.0,1814.0,0.000782779
None0,748.0,1818.0,7.83e-05
None0,748.0,1819.0,0.000156556
None0,748.0,1821.0,0.000313112
None0,748.0,1822.0,0.000156556
None0,748.0,1825.0,0.010489237
None0,748.0,1829.0,0.000234834
None0,748.0,1830.0,0.000313112
None0,748.0,1834.0,0.00148728
None0,748.0,1837.0,0.000156556
None0,748.0,1841.0,0.000469667
None0,748.0,1844.0,0.000469667
None0,748.0,1847.0,0.000156556
None0,748.0,1849.0,0.000313112
None0,748.0,1851.0,7.83e-05
None0,748.0,1853.0,0.000234834
None0,748.0,1856.0,0.000782779
None0,748.0,1857.0,0.000156556
None0,748.0,1858.0,0.001017613
None0,748.0,1859.0,7.83e-05
None0,748.0,1862.0,0.000234834
None0,748.0,1863.0,7.83e-05
None0,748.0,1864.0,7.83e-05
None0,748.0,1866.0,7.83e-05
None0,748.0,1868.0,0.000234834
None0,748.0,1870.0,0.000156556
None0,748.0,1871.0,0.000156556
None0,748.0,1872.0,0.000391389
None0,748.0,1877.0,0.000156556
None0,748.0,1878.0,7.83e-05
None0,748.0,1881.0,7.83e-05
None0,748.0,1882.0,7.83e-05
None0,748.0,1883.0,7.83e-05
None0,748.0,1884.0,7.83e-05
None0,748.0,1886.0,0.000547945
None0,748.0,1890.0,7.83e-05
None0,748.0,1891.0,7.83e-05
None0,748.0,1892.0,0.002504892
None0,748.0,1893.0,0.000313112
None0,748.0,1894.0,0.000156556
None0,748.0,1895.0,0.002661448
None0,748.0,1896.0,0.001252446
None0,748.0,1897.0,0.000313112
None0,748.0,1899.0,0.00109589
None0,748.0,1901.0,0.001956947
None0,748.0,1902.0,0.000156556
None0,748.0,1904.0,7.83e-05
None0,748.0,1905.0,0.000156556
None0,748.0,1907.0,0.002270059
None0,748.0,1908.0,0.000704501
None0,748.0,1913.0,0.00109589
None0,748.0,1914.0,0.001565558
None0,748.0,1915.0,0.000313112
None0,748.0,1919.0,7.83e-05
None0,748.0,1923.0,0.000547945
None0,748.0,1926.0,7.83e-05
None0,748.0,1927.0,7.83e-05
None0,748.0,1928.0,0.000156556
None0,748.0,1930.0,0.000313112
None0,748.0,1932.0,0.000313112
None0,748.0,1937.0,0.000313112
None0,748.0,1942.0,0.000469667
None0,748.0,1943.0,7.83e-05
None0,748.0,1944.0,0.001878669
None0,748.0,1948.0,0.000391389
None0,748.0,1951.0,0.00665362
None0,748.0,1953.0,0.000704501
None0,748.0,1954.0,7.83e-05
None0,748.0,1959.0,0.001017613
None0,748.0,1960.0,0.000313112
None0,748.0,1962.0,7.83e-05
None0,748.0,1963.0,0.000234834
None0,748.0,1964.0,0.000234834
None0,748.0,1965.0,0.002661448
None0,748.0,1968.0,7.83e-05
None0,748.0,1977.0,0.000626223
None0,748.0,1985.0,7.83e-05
None0,748.0,1989.0,0.000547945
None0,748.0,1991.0,7.83e-05
None0,748.0,1993.0,0.000156556
None0,748.0,1995.0,7.83e-05
None0,748.0,1999.0,0.000234834
None0,749.0,13.0,0.006309148
None0,749.0,27.0,0.003154574
None0,749.0,31.0,0.003154574
None0,749.0,38.0,0.041009464
None0,749.0,51.0,0.003154574
None0,749.0,69.0,0.003154574
None0,749.0,84.0,0.003154574
None0,749.0,88.0,0.003154574
None0,749.0,154.0,0.003154574
None0,749.0,167.0,0.003154574
None0,749.0,168.0,0.003154574
None0,749.0,189.0,0.006309148
None0,749.0,227.0,0.003154574
None0,749.0,233.0,0.003154574
None0,749.0,261.0,0.009463722
None0,749.0,266.0,0.003154574
None0,749.0,271.0,0.003154574
None0,749.0,285.0,0.003154574
None0,749.0,290.0,0.003154574
None0,749.0,319.0,0.056782334
None0,749.0,341.0,0.003154574
None0,749.0,364.0,0.003154574
None0,749.0,382.0,0.003154574
None0,749.0,398.0,0.006309148
None0,749.0,409.0,0.003154574
None0,749.0,411.0,0.003154574
None0,749.0,417.0,0.003154574
None0,749.0,419.0,0.003154574
None0,749.0,420.0,0.003154574
None0,749.0,429.0,0.003154574
None0,749.0,467.0,0.003154574
None0,749.0,478.0,0.003154574
None0,749.0,483.0,0.003154574
None0,749.0,496.0,0.003154574
None0,749.0,501.0,0.003154574
None0,749.0,504.0,0.003154574
None0,749.0,505.0,0.003154574
None0,749.0,523.0,0.003154574
None0,749.0,526.0,0.015772871
None0,749.0,528.0,0.003154574
None0,749.0,533.0,0.006309148
None0,749.0,557.0,0.003154574
None0,749.0,572.0,0.003154574
None0,749.0,576.0,0.003154574
None0,749.0,583.0,0.003154574
None0,749.0,595.0,0.003154574
None0,749.0,598.0,0.003154574
None0,749.0,606.0,0.003154574
None0,749.0,610.0,0.003154574
None0,749.0,614.0,0.003154574
None0,749.0,622.0,0.006309148
None0,749.0,623.0,0.003154574
None0,749.0,635.0,0.003154574
None0,749.0,649.0,0.003154574
None0,749.0,670.0,0.003154574
None0,749.0,699.0,0.003154574
None0,749.0,710.0,0.003154574
None0,749.0,751.0,0.015772871
None0,749.0,766.0,0.015772871
None0,749.0,767.0,0.003154574
None0,749.0,774.0,0.003154574
None0,749.0,792.0,0.003154574
None0,749.0,802.0,0.003154574
None0,749.0,805.0,0.003154574
None0,749.0,816.0,0.003154574
None0,749.0,822.0,0.003154574
None0,749.0,832.0,0.003154574
None0,749.0,857.0,0.003154574
None0,749.0,858.0,0.003154574
None0,749.0,873.0,0.003154574
None0,749.0,882.0,0.003154574
None0,749.0,924.0,0.009463722
None0,749.0,933.0,0.015772871
None0,749.0,940.0,0.009463722
None0,749.0,950.0,0.003154574
None0,749.0,978.0,0.022082019
None0,749.0,980.0,0.003154574
None0,749.0,983.0,0.003154574
None0,749.0,986.0,0.003154574
None0,749.0,989.0,0.006309148
None0,749.0,990.0,0.003154574
None0,749.0,993.0,0.003154574
None0,749.0,1001.0,0.003154574
None0,749.0,1016.0,0.009463722
None0,749.0,1020.0,0.006309148
None0,749.0,1024.0,0.003154574
None0,749.0,1043.0,0.003154574
None0,749.0,1047.0,0.003154574
None0,749.0,1051.0,0.003154574
None0,749.0,1052.0,0.003154574
None0,749.0,1054.0,0.006309148
None0,749.0,1078.0,0.003154574
None0,749.0,1086.0,0.006309148
None0,749.0,1090.0,0.003154574
None0,749.0,1099.0,0.003154574
None0,749.0,1114.0,0.006309148
None0,749.0,1116.0,0.003154574
None0,749.0,1124.0,0.003154574
None0,749.0,1137.0,0.003154574
None0,749.0,1143.0,0.003154574
None0,749.0,1144.0,0.003154574
None0,749.0,1158.0,0.003154574
None0,749.0,1165.0,0.003154574
None0,749.0,1177.0,0.012618297
None0,749.0,1189.0,0.003154574
None0,749.0,1196.0,0.006309148
None0,749.0,1197.0,0.003154574
None0,749.0,1208.0,0.006309148
None0,749.0,1252.0,0.006309148
None0,749.0,1258.0,0.003154574
None0,749.0,1267.0,0.003154574
None0,749.0,1274.0,0.009463722
None0,749.0,1293.0,0.009463722
None0,749.0,1302.0,0.003154574
None0,749.0,1318.0,0.003154574
None0,749.0,1323.0,0.003154574
None0,749.0,1335.0,0.003154574
None0,749.0,1340.0,0.003154574
None0,749.0,1365.0,0.009463722
None0,749.0,1383.0,0.003154574
None0,749.0,1387.0,0.003154574
None0,749.0,1408.0,0.006309148
None0,749.0,1423.0,0.003154574
None0,749.0,1437.0,0.003154574
None0,749.0,1486.0,0.003154574
None0,749.0,1509.0,0.003154574
None0,749.0,1550.0,0.003154574
None0,749.0,1551.0,0.009463722
None0,749.0,1561.0,0.003154574
None0,749.0,1574.0,0.003154574
None0,749.0,1587.0,0.003154574
None0,749.0,1597.0,0.003154574
None0,749.0,1599.0,0.003154574
None0,749.0,1600.0,0.006309148
None0,749.0,1618.0,0.003154574
None0,749.0,1640.0,0.003154574
None0,749.0,1679.0,0.003154574
None0,749.0,1685.0,0.028391167
None0,749.0,1704.0,0.012618297
None0,749.0,1706.0,0.003154574
None0,749.0,1710.0,0.018927445
None0,749.0,1727.0,0.003154574
None0,749.0,1729.0,0.003154574
None0,749.0,1739.0,0.003154574
None0,749.0,1742.0,0.015772871
None0,749.0,1746.0,0.003154574
None0,749.0,1752.0,0.022082019
None0,749.0,1774.0,0.003154574
None0,749.0,1800.0,0.003154574
None0,749.0,1813.0,0.003154574
None0,749.0,1818.0,0.003154574
None0,749.0,1821.0,0.003154574
None0,749.0,1846.0,0.003154574
None0,749.0,1847.0,0.003154574
None0,749.0,1863.0,0.003154574
None0,749.0,1897.0,0.003154574
None0,749.0,1904.0,0.003154574
None0,749.0,1919.0,0.003154574
None0,749.0,1927.0,0.003154574
None0,749.0,1953.0,0.003154574
None0,749.0,1968.0,0.009463722
None0,749.0,1972.0,0.003154574
None0,749.0,1979.0,0.006309148
None0,749.0,1981.0,0.003154574
None0,749.0,1991.0,0.003154574
None